Mean Quality Score
30.5414709229
31.1268253119
34.4376827832
35.3821387552
35.6286062385
38.8749904192
39.0614694509
39.065540249
39.1951375606
39.176978157
39.1902300275
39.1525326378
39.1011035317
39.1773063276
39.0568068807
38.9452477274
38.9837084393
39.052221337
38.9346241691
38.98618907
38.9481384049
38.8646568036
38.8870445766
38.9771905787
38.9530128452
38.9282806165
39.0191061627
38.9962046902
38.9360352739
39.0115070797
38.9713756555
38.7797228267
38.8858408726
38.8155978286
38.8460613925
38.7858953997
38.7723828756
38.7829943569
38.69971873
38.7994869471
38.8596758577
38.9018755835
38.8102828162
38.9016115066
38.8710438143
38.8252842322
38.8408661039
38.7829645924
38.7623050638
38.721707297
38.7950197007
38.8121265051
38.8040817149
38.5968069796
38.6263187444
38.7085467171
38.7231459791
38.6494519619
38.6204004536
38.5568088777
38.5338836315
38.584956229
38.5987281704
38.5177099878
38.5536650591
38.4775778979
38.5419114949
38.4468893408
38.4027749857
38.4503316605
38.4480943762
38.3806484368
38.3326787674
38.336694696
38.3359972742
38.2235112364
37.297040265
37.6901765845
38.1131055773
38.2227157724
38.3491161077
38.3574756601
38.3887937417
38.3056044605
38.219917907
38.2296681189
38.1671957081
38.1830928176
38.1599148107
38.0931734252
38.0630687473
37.9771889621
37.9505380152
37.9123127569
37.7303653505
37.7562095172
37.764752982
37.7039449122
37.4518859773
37.5445341966
35.6364407752
