Mean Quality Score
31.2276728496
31.6610086808
35.7096674038
35.8566328391
36.1342418139
39.7035445651
39.3867897238
39.5918298374
39.9698574745
40.0223155013
40.081006486
40.1348218893
40.0765047204
40.0683005521
40.0699146833
40.0759270223
39.9714320464
39.9932227221
39.9837030189
39.9713699498
39.9612567629
40.0138645632
39.9179836122
39.974548668
39.9193279608
39.8674153
39.8215413193
39.8398463123
39.7528072322
39.8002388579
39.7007370952
39.7589079139
39.7648343828
39.8093619227
39.818234414
39.8127314002
39.7947924252
39.7640988281
39.7743507577
39.7654121759
39.7473126818
39.7317605745
39.7117145945
39.7036912957
39.6031370288
39.6292356679
39.62700485
39.6153176617
39.5971105207
39.5745138255
39.5609989241
39.5316805812
39.440241106
39.4503735971
39.4307375687
39.4164951957
39.3360132501
39.3195095339
39.2781543408
39.2364198164
39.1915991957
39.1666868584
39.1018209233
39.0841133129
39.040355086
39.0101411447
38.9747288718
38.948011549
38.9101363329
38.7811500975
38.7864201302
38.778767509
38.7625629596
38.7300210139
38.6871532504
38.6679240356
36.9877839921
38.0001951336
38.338199754
38.5161903804
38.6433616455
38.6746300878
38.6715683356
38.6482307605
38.6376204203
38.6352594183
38.5873251239
38.4300794209
38.4590374514
38.4659720153
38.446546811
38.4081283211
38.3673046102
38.315636532
38.2916222655
38.3120116312
38.2975419827
38.073426612
38.1243856668
38.2008973291
36.6939617192
