Mean Quality Score
30.6355852385
30.5939357766
33.8613322771
34.088480993
35.2084023876
38.1500483873
38.3631198249
38.3494502631
38.5676157227
38.272910185
38.421153603
38.6938341572
38.5181738551
38.6590877793
38.509441799
38.2735511825
38.3878417543
38.5080412278
38.3974779542
38.3639357003
38.1188202505
38.27335197
38.5398704311
38.55935587
38.5272719268
38.4257701123
38.4361186546
38.4999795921
38.4036151595
38.4024203269
38.2081132474
37.7900435115
37.6905514094
37.4857425898
37.3931535716
37.3665836449
37.360012508
37.4081849904
37.4231374322
37.9889334742
38.257262214
38.435329658
38.4312995038
38.5838472835
38.5884518467
38.5611245585
38.5909222588
38.5455671788
38.531248766
38.4889619568
38.5691963705
38.596558391
38.5891863115
38.3850100829
38.4163543624
38.4924816359
38.5104341008
38.4419011267
38.4069230163
38.3450230112
38.3275695178
38.3697802258
38.3859938674
38.3032707906
38.3380169473
38.2637036028
38.3296826526
38.2290024652
38.19136734
38.2393033336
38.2356987044
38.1733645466
38.1218175083
38.1189545336
38.1195875671
38.0049502262
37.097573866
37.4860296284
37.9036795911
37.985094679
38.1055235622
38.10803114
38.1370484715
38.0485681421
37.9601363715
37.9680792098
37.9053800319
37.9196236709
37.8894011092
37.8259338404
37.7948154309
37.7064882994
37.6817132762
37.6421381243
37.4588299866
37.4830355783
37.4945461013
37.4243894513
37.1735152004
37.2589690703
35.2856233941
