Average qual score & Frequency
39.0297029703	5846
39.4356435644	7777
40.3168316832	28423
39.2673267327	6945
38.3267326733	3962
40.3564356436	31145
40.2277227723	20733
39.0	5667
39.8811881188	12769
40.1287128713	18418
40.2772277228	28076
39.603960396	9435
40.2673267327	21099
40.2376237624	33298
40.0297029703	16697
40.1584158416	24094
39.4752475248	8033
35.7326732673	1922
40.1881188119	26414
36.3861386139	2228
40.6633663366	995802
40.702970297	1780013
40.3069306931	23495
37.3366336634	2896
40.5445544554	130110
40.2574257426	25617
39.2772277228	6921
39.9405940594	13727
40.1485148515	24456
39.8118811881	12067
40.0891089109	17100
39.9108910891	14132
38.6633663366	4644
37.4455445545	2857
40.4059405941	47010
40.6237623762	479971
40.5742574257	193190
40.2871287129	35379
40.4356435644	32627
40.4851485149	66444
40.1089108911	21231
40.297029703	31859
40.5841584158	241246
40.603960396	30423
40.504950495	77296
40.6138613861	251094
40.495049505	94573
40.5148514851	19477
38.5346534653	4446
40.3762376238	50187
36.5940594059	2286
37.7623762376	3079
39.9702970297	14851
40.4158415842	57266
35.5841584158	1829
40.198019802	29125
36.9702970297	2612
39.1287128713	6448
40.4752475248	31261
40.6534653465	221658
40.099009901	19256
40.0396039604	16169
40.4653465347	49996
38.3366336634	4117
36.8514851485	2459
40.2079207921	24628
39.1485148515	6198
28.2376237624	344
36.495049505	2237
38.0693069307	3604
38.0396039604	3564
34.2871287129	1419
40.1386138614	19577
39.5940594059	9429
33.4455445545	1228
40.3465346535	26556
39.5445544554	8924
38.8514851485	5242
39.1188118812	6306
39.9900990099	15019
40.5643564356	67800
32.6930693069	1048
37.3861386139	2830
38.8415841584	5244
27.5148514851	287
27.1089108911	241
34.7821782178	1513
39.6336633663	9922
39.5247524752	8341
39.8217821782	12617
37.7326732673	3211
40.5346534653	136384
40.1782178218	18907
38.0	3399
29.2673267327	450
34.3762376238	1495
31.2178217822	747
33.1584158416	1248
38.1683168317	3728
39.7722772277	12343
38.9801980198	5604
39.3366336634	7265
37.0198019802	2533
37.8514851485	3324
40.4455445545	56097
38.7326732673	4987
40.2475247525	29857
40.3267326733	38473
39.702970297	10151
39.3267326733	7136
26.9504950495	234
39.7821782178	11721
38.5544554455	4498
40.5247524752	75102
39.9603960396	14655
38.6831683168	4671
39.3564356436	7461
40.3861386139	32134
29.2475247525	423
40.4257425743	38961
37.0693069307	2607
36.0495049505	1960
34.5148514851	1465
31.4257425743	821
37.3069306931	2834
32.6633663366	1057
37.6237623762	3020
32.4752475248	1039
40.4554455446	70827
37.4158415842	3011
40.0099009901	15967
39.9801980198	15160
37.5445544554	2948
37.6732673267	3132
39.5346534653	8543
38.4158415842	4186
34.7128712871	1517
39.5148514851	8573
37.2376237624	2718
39.801980198	11570
38.9405940594	5555
39.4257425743	7757
26.6435643564	164
40.3663366337	40659
37.5346534653	3008
31.3663366337	792
32.3069306931	963
27.6534653465	269
34.2574257426	1404
40.0792079208	17726
33.0495049505	1227
39.7425742574	10836
27.8118811881	314
34.8316831683	1621
31.6534653465	907
38.9306930693	5524
37.7920792079	3326
38.5940594059	4682
28.1485148515	335
39.8514851485	12262
35.1386138614	1651
39.7623762376	11315
28.6237623762	370
39.297029703	6940
34.1089108911	1444
40.396039604	30361
38.3069306931	4055
39.9207920792	14009
35.603960396	1839
25.7425742574	133
37.3564356436	2767
35.1683168317	1684
37.8415841584	3309
39.1782178218	6560
39.7326732673	11508
38.4455445545	4311
40.0198019802	16348
27.8613861386	303
39.6237623762	9417
39.8415841584	11946
38.396039604	4153
37.5247524752	2911
36.1584158416	2095
37.8910891089	3453
35.5148514851	1830
39.3663366337	7426
38.8118811881	5152
36.6435643564	2269
40.5544554455	3313
38.9900990099	5898
34.900990099	1578
38.3564356436	4011
38.900990099	5244
37.4554455446	2926
33.7623762376	1463
39.3168316832	7207
39.1584158416	6336
36.1683168317	2158
30.4851485149	608
28.9405940594	420
39.1683168317	6556
39.1881188119	6513
39.2079207921	6696
39.900990099	13446
39.7227722772	11628
38.5247524752	4471
26.7425742574	208
36.099009901	2042
35.4752475248	1726
38.3762376238	4097
38.1287128713	3736
37.3663366337	2753
40.0495049505	16918
31.7326732673	891
35.0099009901	1603
39.7524752475	10802
36.900990099	2403
35.6435643564	1837
38.7623762376	4978
38.0495049505	3596
40.3366336634	40641
35.7722772277	1888
38.6237623762	4766
30.396039604	620
39.7128712871	10174
39.8712871287	13426
38.9702970297	5646
34.495049505	1577
38.8316831683	5292
34.6138613861	1554
39.4851485149	8171
39.6732673267	10176
36.801980198	2345
33.5742574257	1286
39.5643564356	8824
38.4554455446	4355
28.4455445545	378
38.3663366337	4101
29.504950495	531
34.8712871287	1581
38.8910891089	5359
35.0297029703	1605
35.3762376238	1837
39.3762376238	7394
33.4752475248	1325
35.6831683168	1865
40.1188118812	20543
34.4257425743	1385
38.0198019802	3567
40.0693069307	18523
31.6435643564	836
34.5841584158	1479
37.0792079208	2618
32.8118811881	1064
30.8514851485	675
37.4752475248	2988
31.7425742574	819
40.1683168317	21210
38.8712871287	5134
38.2079207921	3931
39.1386138614	6246
40.2178217822	21635
39.9306930693	13708
33.8118811881	1413
37.9900990099	3506
39.099009901	6076
39.0198019802	5757
39.495049505	8481
39.8910891089	12709
38.9207920792	5433
37.8118811881	3248
22.3564356436	23
32.0495049505	905
39.0693069307	5855
38.2376237624	3796
39.2574257426	6764
37.7821782178	3234
39.6138613861	9205
39.5841584158	9192
29.801980198	567
28.7227722772	414
34.6237623762	1633
39.6435643564	10183
30.8415841584	700
36.2772277228	2115
38.2574257426	3918
34.603960396	1505
26.5742574257	180
37.5841584158	2987
31.8712871287	912
38.5841584158	4459
36.9900990099	2585
39.4059405941	7902
37.9603960396	3449
32.7722772277	1104
38.4059405941	4241
30.5742574257	670
38.5445544554	4471
34.8415841584	1539
33.2871287129	1262
33.2376237624	1159
40.0	15597
33.6435643564	1272
36.4257425743	2137
37.5643564356	3001
35.5445544554	1901
37.0495049505	2607
39.504950495	8409
38.7425742574	4986
38.8217821782	5184
30.6534653465	731
37.8316831683	3302
35.4257425743	1768
38.2772277228	3896
28.4752475248	398
34.8217821782	1632
31.396039604	713
29.3366336634	462
39.9504950495	14787
38.9108910891	5404
32.0891089109	967
33.1287128713	1087
39.6633663366	9563
34.198019802	1515
36.3564356436	2204
29.3663366337	497
33.5544554455	1394
38.495049505	4503
36.0891089109	2079
39.3861386139	7553
28.7920792079	412
35.9801980198	1923
23.1683168317	34
37.099009901	2616
32.4455445545	988
36.9801980198	2599
38.7128712871	4752
29.2871287129	512
32.0	888
31.495049505	837
39.5544554455	8899
37.2079207921	2711
33.3168316832	1243
32.4158415842	964
37.1881188119	2703
35.4455445545	1791
39.0495049505	5777
39.2277227723	6809
35.3564356436	1687
37.0297029703	2499
39.6831683168	10913
35.1188118812	1678
39.2178217822	6654
32.1188118812	975
40.0594059406	17969
37.8811881188	3298
38.7821782178	5037
34.9108910891	1602
36.3366336634	2116
39.4653465347	8113
32.5841584158	993
31.8811881188	898
38.8811881188	5184
36.8910891089	2451
23.7227722772	38
32.8910891089	1127
30.0	548
37.1188118812	2621
33.7722772277	1346
37.6831683168	3086
34.9702970297	1655
35.0495049505	1675
35.8217821782	1966
39.7920792079	11238
38.0099009901	3492
34.9405940594	1625
36.5346534653	2377
36.2871287129	2148
39.8613861386	13042
33.8613861386	1387
38.1386138614	3742
37.3465346535	2813
27.4752475248	300
38.4851485149	4298
38.4356435644	4303
37.198019802	2678
36.8712871287	2549
33.0693069307	1159
39.3465346535	7397
36.9504950495	2502
36.3663366337	2089
37.8712871287	3319
36.1089108911	2100
30.8910891089	696
36.0	2043
31.0297029703	766
39.2376237624	6623
35.4653465347	1718
33.4059405941	1225
35.099009901	1699
33.1782178218	1196
30.9603960396	727
37.0594059406	2574
37.9108910891	3401
27.3069306931	285
35.0792079208	1652
28.702970297	380
36.0792079208	2023
38.702970297	4955
35.7920792079	1862
37.6435643564	3099
37.1584158416	2659
37.801980198	3291
31.9306930693	916
39.0396039604	5873
37.900990099	3410
28.0495049505	330
35.198019802	1609
37.7128712871	3193
30.801980198	686
27.198019802	228
34.2376237624	1472
34.5346534653	1429
39.6534653465	9820
37.1683168317	2568
34.7326732673	1467
39.0099009901	5765
33.801980198	1488
39.396039604	7801
33.099009901	1147
38.4257425743	4187
38.5148514851	4365
29.9900990099	558
35.9900990099	1988
33.3069306931	1186
34.7920792079	1614
35.8613861386	2007
37.7425742574	3070
32.7128712871	1141
39.8316831683	12374
38.1188118812	3698
33.396039604	1240
34.9603960396	1638
32.8316831683	1111
33.6237623762	1331
35.6138613861	1772
28.5940594059	389
39.0594059406	5862
37.297029703	2841
35.2871287129	1729
35.5346534653	1812
36.2277227723	2142
36.1188118812	1979
31.1584158416	719
28.8811881188	404
38.6930693069	4768
35.1881188119	1677
36.603960396	2254
25.099009901	94
29.198019802	467
37.5544554455	2955
39.5742574257	8763
36.2673267327	2153
39.4158415842	7906
33.3762376238	1253
36.4653465347	2214
38.6534653465	4646
36.4059405941	2192
35.6237623762	1784
34.0891089109	1376
34.702970297	1544
33.7326732673	1295
36.6930693069	2348
34.4059405941	1449
29.5148514851	534
35.2673267327	1689
35.7425742574	1863
35.5940594059	1917
38.0297029703	3455
30.2277227723	621
31.4059405941	812
32.603960396	1040
37.9207920792	3520
39.2475247525	6648
36.7425742574	2355
27.5544554455	249
37.1782178218	2671
33.9900990099	1379
36.3762376238	2139
29.2376237624	451
29.1881188119	461
37.5148514851	3013
35.8811881188	1988
27.2178217822	234
29.6237623762	515
36.1881188119	2059
34.0396039604	1402
32.801980198	1045
33.9108910891	1385
38.603960396	4624
36.702970297	2331
34.8514851485	1683
35.3861386139	1670
28.2277227723	362
33.0891089109	1127
32.5742574257	1082
33.4554455446	1240
38.2871287129	3937
34.6336633663	1524
38.2673267327	3960
38.3861386139	4040
35.8514851485	1879
37.9405940594	3334
38.6336633663	4602
28.1683168317	350
32.3564356436	1037
36.297029703	2180
34.0792079208	1373
38.5742574257	4496
34.9801980198	1599
37.2871287129	2829
37.5742574257	2939
33.3267326733	1217
39.0792079208	6074
36.1386138614	2088
31.7722772277	814
36.2079207921	2020
31.2772277228	736
36.1485148515	2090
34.1782178218	1358
38.6732673267	4705
34.2277227723	1379
31.2673267327	767
36.5643564356	2377
38.1584158416	3773
38.9603960396	5572
38.7722772277	5120
31.3168316832	805
33.4851485149	1212
31.5445544554	807
27.4257425743	252
36.8118811881	2436
37.603960396	3087
34.2475247525	1541
37.2673267327	2732
37.3267326733	2827
38.1782178218	3735
35.2475247525	1693
33.8712871287	1330
38.6435643564	4701
35.1584158416	1635
22.900990099	33
36.5247524752	2338
36.5148514851	2237
32.9603960396	1097
32.5247524752	1025
37.0396039604	2610
39.2871287129	7097
27.0792079208	207
29.3267326733	520
36.9603960396	2531
34.1386138614	1428
36.3267326733	2169
30.2871287129	592
32.9306930693	1106
33.900990099	1481
39.3069306931	7132
37.4257425743	3004
29.0594059406	413
32.198019802	966
34.5742574257	1468
30.504950495	625
30.5643564356	643
36.0693069307	2104
35.2574257426	1684
26.7623762376	222
38.9504950495	5626
37.8217821782	3289
33.2772277228	1241
37.6336633663	3070
36.8316831683	2369
37.495049505	2990
35.5247524752	1794
29.0693069307	420
31.1386138614	800
28.8415841584	395
34.7722772277	1493
32.1683168317	947
33.2079207921	1201
37.0	2587
37.0891089109	2719
36.8217821782	2436
32.2673267327	949
34.396039604	1529
15.4653465347	4
23.6138613861	46
36.8415841584	2387
38.1089108911	3690
28.8316831683	394
28.9900990099	403
34.1485148515	1476
38.2178217822	3727
26.4455445545	159
30.3267326733	630
35.9405940594	2052
32.1584158416	951
32.1881188119	967
35.1287128713	1666
30.5841584158	677
34.0594059406	1420
24.1089108911	53
29.9504950495	571
32.6237623762	1065
36.4455445545	2313
27.8217821782	307
29.1089108911	482
34.3663366337	1476
33.8316831683	1350
37.702970297	3184
28.0792079208	319
31.2871287129	787
32.6732673267	1046
37.5940594059	3055
37.3168316832	2715
33.6633663366	1391
31.3069306931	730
35.504950495	1792
32.8415841584	1074
27.3267326733	254
31.198019802	749
36.1782178218	1999
30.2673267327	631
37.0099009901	2535
30.9801980198	768
36.6336633663	2367
33.3663366337	1247
32.504950495	1017
35.4158415842	1827
35.6930693069	1904
34.6633663366	1570
38.4653465347	4276
36.7227722772	2353
29.6336633663	539
39.6930693069	10639
35.7821782178	1900
38.099009901	3638
39.1089108911	6024
32.5445544554	975
35.8415841584	1987
31.5742574257	837
36.9207920792	2524
34.1881188119	1487
27.6138613861	283
27.0396039604	229
36.7524752475	2396
33.6138613861	1339
38.3168316832	3941
33.6732673267	1293
36.6237623762	2308
34.7524752475	1572
37.6138613861	3102
35.3465346535	1723
34.099009901	1602
37.6534653465	3182
35.6633663366	1806
39.4455445545	7992
31.4554455446	827
26.8613861386	230
34.3861386139	1422
33.603960396	1429
32.4851485149	977
27.8514851485	307
29.9306930693	588
32.5148514851	1005
39.198019802	6462
38.5643564356	4572
37.9702970297	3461
36.3465346535	2118
36.5841584158	2262
37.2574257426	2708
33.702970297	1541
38.0891089109	3625
36.5742574257	2324
33.0198019802	1113
33.8217821782	1394
35.2079207921	1709
36.6732673267	2328
28.6534653465	411
28.4851485149	361
34.8910891089	1570
30.7920792079	711
33.2277227723	1306
30.7425742574	675
35.2178217822	1713
34.504950495	1470
32.9207920792	1106
35.9306930693	1955
33.8415841584	1324
31.7128712871	843
38.801980198	5183
30.1188118812	599
34.9306930693	1694
33.6534653465	1482
28.0693069307	305
35.0	1611
32.6336633663	1126
35.2277227723	1661
30.7326732673	668
36.6534653465	2327
34.3267326733	1442
32.2376237624	1003
37.8613861386	3339
36.7920792079	2271
25.8217821782	133
24.3762376238	66
27.9405940594	305
39.4554455446	7995
37.1287128713	2712
31.3861386139	823
37.1386138614	2667
28.7128712871	380
31.5940594059	829
37.1089108911	2675
33.2673267327	1163
36.4851485149	2197
31.0495049505	713
29.5940594059	487
35.6336633663	1881
31.1683168317	707
34.4455445545	1521
34.0198019802	1466
25.2673267327	100
35.8316831683	1875
32.9504950495	1102
30.2574257426	637
33.5940594059	1277
26.0	152
34.3465346535	1463
33.0792079208	1199
25.9801980198	153
36.5544554455	2275
32.900990099	1124
35.9207920792	1921
35.4356435644	1780
31.1089108911	717
30.5346534653	690
34.8118811881	1513
36.4158415842	2132
36.504950495	2207
29.5742574257	507
32.9405940594	1030
24.9405940594	93
31.6633663366	853
35.4851485149	1815
37.9504950495	3453
24.6930693069	78
36.6138613861	2338
32.297029703	974
32.7821782178	1084
38.504950495	4386
34.4752475248	1482
28.6732673267	371
30.9900990099	748
27.603960396	290
36.4356435644	2224
31.0	742
25.4158415842	142
35.7623762376	1868
34.7623762376	1574
29.9702970297	544
31.3762376238	769
28.2079207921	327
36.7326732673	2493
32.2772277228	970
33.5148514851	1291
37.9801980198	3453
37.2475247525	2705
39.0891089109	6091
32.3366336634	955
35.8118811881	1979
35.3663366337	1713
33.4257425743	1217
28.0	302
33.0	1076
34.5940594059	1575
38.4752475248	4281
33.8910891089	1398
33.6831683168	1334
35.5643564356	1839
37.4059405941	2858
32.1485148515	928
38.198019802	3841
35.8910891089	1996
30.198019802	616
35.3267326733	1701
33.1683168317	1206
35.702970297	1882
35.396039604	1774
37.1485148515	2653
28.1584158416	293
28.3069306931	352
35.5544554455	1772
31.1188118812	792
36.396039604	2104
27.6930693069	285
34.2772277228	1475
36.2574257426	2150
23.6237623762	48
36.4554455446	2204
38.0594059406	3695
38.7524752475	4980
22.4752475248	12
38.2475247525	3870
24.504950495	80
33.3465346535	1245
31.2475247525	832
32.4653465347	987
34.0	1489
30.2178217822	674
36.198019802	2070
34.0495049505	1551
24.0495049505	48
28.396039604	349
29.3762376238	487
28.8118811881	411
38.3465346535	4130
32.1782178218	990
33.1188118812	1150
31.1485148515	722
32.0099009901	894
28.6336633663	366
36.7623762376	2348
31.702970297	869
35.3168316832	1765
37.2178217822	2744
37.3762376238	2876
33.4356435644	1220
36.9306930693	2551
36.0396039604	2036
28.297029703	365
30.3762376238	603
37.2772277228	2739
34.6435643564	1514
31.5148514851	823
32.8217821782	1021
34.8811881188	1542
35.5742574257	1824
25.1683168317	104
38.7227722772	4871
37.6930693069	3135
34.0099009901	1477
34.5643564356	1526
33.7128712871	1439
33.4158415842	1290
28.6435643564	422
27.8712871287	310
37.7227722772	3070
28.8217821782	437
37.9306930693	3445
23.9207920792	57
36.2376237624	2126
30.0891089109	570
29.5247524752	517
34.3069306931	1441
38.2277227723	3934
35.6732673267	1892
34.1287128713	1424
32.8514851485	1130
29.3861386139	492
37.2277227723	2779
31.5643564356	852
31.4455445545	834
28.7524752475	399
31.1782178218	759
34.1584158416	1403
30.5148514851	636
28.5841584158	401
29.4752475248	468
29.0396039604	431
31.5841584158	863
27.2673267327	268
36.2475247525	2145
33.5247524752	1314
36.8613861386	2425
28.1287128713	343
28.7722772277	437
29.2277227723	450
37.396039604	2824
32.2079207921	970
30.8118811881	707
31.0396039604	712
28.1089108911	325
33.6336633663	1301
26.3069306931	164
34.5247524752	1522
34.3564356436	1472
35.4059405941	1755
33.2574257426	1137
25.2475247525	104
37.7722772277	3158
36.7821782178	2422
30.7821782178	677
33.5445544554	1227
31.6237623762	841
32.0198019802	958
38.1881188119	3776
31.9405940594	842
29.4257425743	481
27.9702970297	323
25.5742574257	133
28.0297029703	347
23.0693069307	26
29.1485148515	429
34.1683168317	1385
27.7227722772	278
38.297029703	3930
32.3861386139	994
29.5544554455	521
37.504950495	2907
32.6138613861	1042
33.8514851485	1538
34.7425742574	1616
35.495049505	1770
26.5940594059	185
25.0297029703	100
33.0396039604	1136
31.5346534653	859
34.9900990099	1683
32.495049505	1074
32.6435643564	1018
30.7722772277	709
33.1386138614	1210
27.9207920792	291
32.9108910891	1098
35.0198019802	1695
35.2772277228	1706
30.099009901	583
32.3465346535	930
32.396039604	979
35.1485148515	1593
35.6534653465	1878
35.0891089109	1638
29.7920792079	536
36.2178217822	2123
36.3168316832	2145
38.8613861386	5250
37.4653465347	2882
30.6336633663	670
22.3465346535	17
35.0594059406	1659
31.9603960396	905
30.8811881188	720
36.8811881188	2491
31.2079207921	759
34.8613861386	1491
37.6633663366	3141
25.8514851485	148
28.9504950495	438
31.9108910891	932
35.9603960396	1980
34.5445544554	1625
32.7623762376	1042
24.2673267327	77
31.6336633663	872
31.504950495	862
24.0792079208	57
29.3564356436	474
27.0495049505	225
23.3366336634	32
35.7524752475	1897
35.900990099	1943
31.099009901	741
33.7920792079	1295
23.099009901	32
29.8514851485	523
36.1287128713	2040
30.6831683168	649
32.5544554455	1039
29.4356435644	501
30.8613861386	710
33.9603960396	1464
35.9702970297	2024
34.2673267327	1462
30.603960396	657
27.7128712871	260
26.6831683168	184
24.9702970297	90
36.0594059406	2042
32.7920792079	1027
31.4158415842	798
36.9108910891	2444
36.0297029703	1971
32.0396039604	925
34.4554455446	1467
36.9405940594	2496
29.4158415842	481
28.7623762376	431
31.3465346535	756
28.504950495	336
27.7326732673	299
31.9504950495	954
29.7821782178	535
29.702970297	491
36.0099009901	1987
32.8712871287	1137
26.3861386139	174
30.4059405941	618
31.7623762376	849
31.9207920792	944
30.3168316832	612
30.1584158416	550
28.1188118812	294
36.7722772277	2401
22.603960396	18
27.4554455446	233
32.0297029703	893
29.099009901	439
34.5544554455	1474
26.9702970297	223
35.0396039604	1667
32.7524752475	1077
30.2772277228	579
26.3267326733	183
24.5643564356	73
29.0099009901	430
37.7524752475	3178
31.8316831683	838
27.4851485149	297
33.1485148515	1166
31.7920792079	849
29.6633663366	508
29.603960396	489
31.8415841584	960
27.3564356436	270
33.7821782178	1320
29.6930693069	519
37.4851485149	2918
36.3069306931	2144
28.6930693069	342
32.0693069307	852
22.2871287129	24
34.4851485149	1457
38.0792079208	3621
27.5940594059	259
32.8811881188	1096
34.6930693069	1519
25.8811881188	149
32.5643564356	987
28.4554455446	376
38.1485148515	3827
27.4653465347	257
30.495049505	650
33.7425742574	1293
25.7821782178	144
32.7425742574	1085
20.3069306931	3
32.5940594059	978
36.4752475248	2286
29.8118811881	529
31.2277227723	756
23.9108910891	48
30.3069306931	617
33.3366336634	1205
33.0297029703	1132
30.9702970297	735
30.6138613861	667
38.7920792079	5016
26.900990099	214
27.5742574257	269
35.7128712871	1896
27.900990099	297
36.7128712871	2344
32.3267326733	960
33.9405940594	1384
32.7227722772	1101
30.8712871287	695
33.5841584158	1242
29.7623762376	482
31.5247524752	817
33.8811881188	1389
32.4356435644	990
34.4653465347	1474
29.7128712871	525
31.7821782178	888
30.5940594059	673
26.3366336634	155
33.0099009901	1132
38.6138613861	4605
30.6732673267	729
29.9207920792	585
30.6435643564	677
35.9108910891	1948
34.3168316832	1435
31.0594059406	745
33.2475247525	1213
28.900990099	417
28.5544554455	340
25.4356435644	126
30.5544554455	637
33.0594059406	1116
30.702970297	738
30.297029703	648
32.3663366337	978
31.4851485149	837
35.1089108911	1645
28.8712871287	428
23.7920792079	45
29.0495049505	449
33.4653465347	1274
31.4752475248	818
35.9504950495	1930
31.603960396	840
34.9207920792	1694
30.2376237624	581
29.396039604	505
32.1386138614	941
33.198019802	1210
28.1386138614	309
33.9702970297	1357
26.8712871287	196
28.9801980198	430
32.2475247525	950
33.9306930693	1314
29.6831683168	507
33.1881188119	1169
31.0099009901	687
34.2079207921	1405
30.3465346535	637
32.6534653465	1052
31.7524752475	861
33.3564356436	1246
28.6831683168	415
32.4059405941	960
25.4752475248	145
24.7128712871	73
36.6633663366	2380
30.1683168317	597
30.3366336634	604
32.2871287129	964
27.2376237624	252
26.0594059406	151
27.3465346535	264
31.2376237624	759
27.7425742574	288
34.0693069307	1410
36.6831683168	2290
34.4158415842	1480
29.7722772277	555
32.3762376238	1039
28.9702970297	418
32.8613861386	1110
33.7227722772	1364
33.9504950495	1450
35.801980198	1937
28.801980198	434
33.495049505	1265
34.6831683168	1562
27.4455445545	269
33.9801980198	1379
32.4554455446	1013
23.9405940594	46
30.6930693069	672
27.5247524752	276
34.801980198	1560
28.6633663366	385
29.8415841584	560
24.801980198	102
34.3366336634	1399
36.5445544554	2262
32.0792079208	883
30.8316831683	670
30.7128712871	673
30.4356435644	629
34.6732673267	1522
31.900990099	945
31.0693069307	778
25.6138613861	111
30.0396039604	622
32.9900990099	1143
27.7623762376	315
29.6732673267	523
28.603960396	370
31.4653465347	806
30.5247524752	627
35.297029703	1665
25.9207920792	124
25.6237623762	118
28.495049505	385
26.9603960396	215
28.198019802	331
26.5841584158	186
33.7524752475	1471
28.5346534653	360
34.297029703	1442
31.9900990099	948
29.0297029703	459
26.6732673267	201
28.0198019802	324
31.2574257426	800
35.2376237624	1692
31.0198019802	738
31.0891089109	758
31.3267326733	747
32.5346534653	1004
31.801980198	899
27.3663366337	263
29.6138613861	513
31.9702970297	923
24.7722772277	85
30.5445544554	629
26.4257425743	217
31.5544554455	814
29.4653465347	496
33.5346534653	1283
34.7227722772	1538
33.2178217822	1229
24.8316831683	67
32.9702970297	1168
31.3564356436	781
34.2178217822	1416
29.9603960396	614
26.5544554455	197
33.5643564356	1372
25.8118811881	151
27.9504950495	312
26.6336633663	186
26.3564356436	173
34.4356435644	1506
26.6237623762	195
26.1881188119	174
25.5841584158	128
25.198019802	103
28.0099009901	321
35.7227722772	1903
29.7524752475	538
32.3168316832	980
27.297029703	235
37.4356435644	2853
26.0099009901	161
35.0693069307	1702
29.3465346535	423
32.0594059406	914
32.2574257426	934
31.6930693069	910
27.2079207921	235
33.504950495	1379
27.2574257426	233
31.6138613861	822
27.1188118812	251
34.1188118812	1311
28.5247524752	369
27.6831683168	284
26.9801980198	228
27.6237623762	278
27.1584158416	216
30.4554455446	585
24.5247524752	70
29.7227722772	515
25.5346534653	126
30.0297029703	601
30.9405940594	718
33.297029703	1214
30.4653465347	629
30.4158415842	664
31.0792079208	774
27.3366336634	259
28.2178217822	343
22.9306930693	22
33.6930693069	1316
27.4059405941	252
35.3069306931	1660
35.8712871287	1908
30.1485148515	614
29.5841584158	472
27.0198019802	209
27.2772277228	266
27.8811881188	320
36.0198019802	1996
25.5544554455	116
35.1782178218	1661
24.5544554455	78
29.8613861386	529
27.495049505	289
27.6732673267	302
26.4554455446	170
28.3564356436	359
35.4554455446	1803
30.0099009901	581
31.8118811881	877
29.5346534653	518
31.6831683168	828
26.5445544554	201
25.6435643564	143
29.9405940594	582
26.0396039604	175
28.3366336634	358
29.1683168317	451
30.9306930693	722
25.2277227723	105
30.1386138614	603
29.4059405941	486
26.4851485149	193
30.900990099	684
28.9603960396	425
32.1089108911	917
30.6633663366	664
30.9504950495	696
25.2574257426	109
28.1881188119	338
30.8217821782	703
28.3267326733	359
30.9108910891	709
26.2772277228	171
24.7920792079	81
30.7227722772	682
32.9801980198	1096
29.0198019802	417
32.702970297	1034
26.198019802	154
34.0297029703	1362
27.7524752475	286
32.2178217822	1002
25.6831683168	138
25.7128712871	135
25.3465346535	116
25.6930693069	110
27.1287128713	224
30.0495049505	560
25.9504950495	152
26.297029703	181
29.3069306931	488
21.6930693069	6
29.297029703	488
26.3762376238	189
31.4356435644	781
24.900990099	96
32.6831683168	1086
26.7920792079	216
30.4455445545	639
31.8910891089	879
29.1287128713	426
28.8613861386	418
23.4455445545	37
27.9306930693	314
27.0297029703	226
30.0198019802	538
28.7326732673	350
32.7326732673	1044
29.1782178218	472
20.6732673267	5
26.9306930693	210
28.4059405941	366
27.5346534653	271
25.3762376238	107
29.1584158416	460
29.6534653465	522
26.801980198	215
29.4851485149	479
25.2871287129	110
30.2079207921	591
28.9108910891	423
26.1386138614	167
26.2178217822	180
26.1089108911	146
29.4455445545	486
29.7326732673	506
27.3762376238	276
23.8613861386	44
31.297029703	785
29.2178217822	445
26.7326732673	209
29.0792079208	436
29.7425742574	503
27.7821782178	288
28.2475247525	363
29.9108910891	569
29.2772277228	447
28.7821782178	401
28.5742574257	399
27.1881188119	227
31.7227722772	871
23.702970297	24
23.4059405941	31
24.6633663366	83
31.8613861386	891
23.8514851485	44
33.3861386139	1188
25.9702970297	124
24.4257425743	69
31.1287128713	779
21.7920792079	6
22.4356435644	17
28.2574257426	333
32.099009901	908
35.3366336634	1704
24.702970297	68
24.6534653465	81
28.5445544554	372
32.4257425743	972
31.1881188119	720
28.099009901	319
31.8217821782	831
25.7623762376	137
24.4356435644	71
26.8811881188	238
25.2376237624	119
34.9504950495	1615
27.2475247525	239
24.4851485149	66
33.9207920792	1400
27.8910891089	316
29.0891089109	419
27.4158415842	266
26.9207920792	232
26.1287128713	152
27.3168316832	243
24.6435643564	83
26.099009901	139
25.7524752475	127
30.1881188119	654
31.3366336634	739
26.3663366337	178
25.4257425743	126
29.9801980198	588
27.7722772277	295
30.6237623762	668
23.7524752475	47
30.0594059406	576
30.1089108911	553
30.0792079208	617
30.7623762376	657
28.3762376238	385
25.8316831683	143
28.3465346535	380
32.1287128713	945
24.8118811881	89
28.5148514851	378
27.9108910891	302
30.9207920792	696
23.7425742574	41
27.1782178218	211
30.3663366337	580
26.0297029703	152
24.3465346535	72
31.9801980198	905
34.6534653465	1558
29.5643564356	455
28.7425742574	389
26.2673267327	162
23.4851485149	35
26.8316831683	220
30.0693069307	561
28.4356435644	373
30.4752475248	652
27.8316831683	266
29.0	405
27.7920792079	279
23.8316831683	45
26.2079207921	157
28.9207920792	383
26.8910891089	205
26.1683168317	167
23.603960396	32
27.099009901	248
30.7524752475	672
28.2772277228	329
25.4059405941	115
24.0891089109	64
21.8514851485	10
25.4653465347	117
29.8316831683	544
27.1485148515	238
30.1782178218	576
30.4257425743	600
25.0693069307	109
24.6831683168	75
28.9306930693	432
27.702970297	286
26.5148514851	192
29.8712871287	532
26.6138613861	195
28.3168316832	365
26.2376237624	175
28.5643564356	404
29.8217821782	535
22.1386138614	13
30.2475247525	641
22.5841584158	22
27.8415841584	283
26.2277227723	194
24.6336633663	88
21.3564356436	5
29.6435643564	455
27.5841584158	290
25.5148514851	135
26.4158415842	162
33.1089108911	1120
23.1485148515	36
29.1188118812	483
27.9801980198	315
26.8217821782	213
26.7227722772	232
30.1287128713	608
28.0594059406	333
29.8910891089	580
25.0495049505	91
25.7722772277	133
27.1386138614	216
25.9405940594	151
27.0891089109	231
28.0891089109	322
26.7821782178	215
30.3564356436	612
28.2871287129	322
24.5445544554	58
29.5445544554	474
27.9900990099	317
29.3168316832	471
31.6732673267	827
23.900990099	62
25.3366336634	113
26.396039604	154
29.8811881188	581
22.8712871287	17
26.0495049505	153
26.4059405941	189
23.6435643564	37
31.8514851485	862
26.0693069307	149
26.2871287129	182
24.8514851485	86
27.3861386139	260
29.495049505	452
25.8613861386	148
23.504950495	27
25.6336633663	119
25.297029703	91
28.1782178218	298
28.4653465347	352
23.9702970297	44
25.603960396	134
25.4851485149	114
24.6732673267	75
27.1683168317	266
26.6930693069	205
21.8415841584	12
21.7227722772	4
24.7425742574	79
32.2277227723	935
24.396039604	81
28.4257425743	352
28.2673267327	369
24.9603960396	97
25.8910891089	133
27.0099009901	236
28.3663366337	343
26.9405940594	223
24.9207920792	85
28.8514851485	422
25.495049505	128
27.2277227723	223
27.396039604	246
19.396039604	2
24.1881188119	65
24.9801980198	80
24.2475247525	54
25.0594059406	109
25.9108910891	151
24.0198019802	59
21.9405940594	10
26.7524752475	192
22.396039604	13
25.6534653465	104
27.9603960396	287
22.7425742574	20
25.0099009901	99
26.0891089109	163
28.6138613861	386
26.6633663366	196
25.396039604	113
22.5643564356	27
29.1386138614	456
25.0	89
28.8910891089	402
21.0891089109	8
28.0396039604	295
26.9900990099	230
21.8613861386	11
28.3861386139	344
26.603960396	192
26.1485148515	177
27.2871287129	242
26.2574257426	165
30.3861386139	610
25.4554455446	134
24.099009901	55
24.4752475248	64
22.7623762376	22
27.504950495	283
27.5445544554	273
24.6237623762	91
25.5445544554	102
27.4356435644	270
26.495049505	186
24.0396039604	61
25.9900990099	168
21.2772277228	9
25.7227722772	145
25.5247524752	124
19.7524752475	4
26.7722772277	167
24.2574257426	53
26.8514851485	222
29.2574257426	454
24.5346534653	75
26.1188118812	167
24.0594059406	48
25.0198019802	91
27.0	234
21.9108910891	11
26.8415841584	215
25.1386138614	105
26.5346534653	183
25.900990099	150
25.8415841584	113
23.5148514851	35
25.7326732673	144
29.4554455446	404
27.0693069307	250
23.0198019802	21
29.900990099	563
23.5940594059	32
26.3465346535	167
24.8217821782	77
24.8415841584	78
24.2277227723	60
26.5643564356	226
21.9603960396	10
22.2376237624	15
22.3267326733	23
22.2277227723	16
25.6633663366	123
18.7326732673	1
25.1089108911	91
24.2178217822	65
22.9603960396	24
13.7326732673	3
19.7821782178	4
20.6435643564	5
25.2772277228	101
27.5643564356	254
23.3069306931	37
24.8712871287	76
20.6930693069	4
26.5247524752	204
23.3663366337	23
25.4455445545	120
27.0594059406	229
24.9108910891	86
24.1485148515	60
12.5445544554	1
26.8118811881	207
27.6633663366	290
28.4158415842	346
22.4455445545	14
15.1188118812	2
26.702970297	225
24.9306930693	84
25.0792079208	101
26.9108910891	209
25.9603960396	165
24.3564356436	68
23.7128712871	48
24.7326732673	70
21.900990099	11
24.1386138614	55
20.8415841584	5
27.801980198	297
24.3069306931	56
25.1287128713	77
22.0297029703	10
26.4752475248	197
23.4752475248	41
23.9504950495	44
24.7524752475	80
24.7821782178	82
21.7326732673	8
20.7821782178	4
20.099009901	5
24.1287128713	47
22.2673267327	21
22.8811881188	26
25.1881188119	95
23.3168316832	31
23.6336633663	46
26.4653465347	200
25.1782178218	99
22.1089108911	11
25.7920792079	140
24.5841584158	79
24.5742574257	73
22.9801980198	25
25.504950495	125
22.099009901	16
24.4158415842	73
25.0891089109	93
25.5940594059	132
22.7524752475	26
25.2178217822	112
24.0099009901	59
24.9504950495	101
21.7821782178	11
29.2079207921	453
23.6534653465	32
25.3564356436	119
22.6633663366	24
23.8712871287	51
26.0792079208	172
22.4158415842	16
26.0198019802	160
22.0198019802	16
21.7128712871	11
24.0297029703	57
21.7524752475	13
25.3069306931	107
24.6138613861	81
23.3762376238	40
21.6831683168	13
23.396039604	41
24.4455445545	84
26.504950495	190
21.3663366337	8
25.1485148515	108
27.6435643564	277
24.9900990099	90
21.2871287129	8
25.3168316832	100
21.8910891089	11
23.1386138614	29
22.8910891089	17
22.5742574257	15
21.4554455446	7
26.1782178218	139
26.3168316832	160
23.7722772277	46
25.6732673267	144
23.3465346535	28
22.3861386139	13
25.9306930693	156
23.5346534653	40
21.9900990099	12
20.4554455446	8
19.7623762376	2
23.5544554455	32
24.0	60
23.0792079208	31
24.603960396	75
27.6336633663	269
20.0792079208	4
19.5148514851	6
20.4455445545	6
25.8712871287	129
23.7326732673	37
24.4554455446	69
24.8811881188	87
25.2079207921	78
26.6534653465	207
23.8811881188	36
23.5643564356	33
25.5643564356	124
23.2871287129	33
26.1584158416	167
25.0396039604	103
20.9801980198	4
23.2178217822	25
23.5247524752	28
23.2475247525	26
23.9801980198	56
24.4059405941	66
24.8910891089	79
20.8316831683	7
20.900990099	9
26.2475247525	163
19.4554455446	2
23.0297029703	31
19.9504950495	3
23.4158415842	24
22.0594059406	13
21.6732673267	12
22.198019802	17
22.5544554455	17
23.0396039604	15
24.297029703	54
19.7326732673	1
23.9900990099	48
24.1782178218	54
22.8514851485	26
21.495049505	6
26.7128712871	214
23.4356435644	43
24.1584158416	73
14.7227722772	3
23.3564356436	30
24.5148514851	71
17.0495049505	1
22.9108910891	23
22.1584158416	21
22.6237623762	29
20.9405940594	9
23.9603960396	39
23.9306930693	42
24.7227722772	83
24.2772277228	52
21.4752475248	10
21.2079207921	11
25.1188118812	93
22.6732673267	20
23.297029703	30
22.8217821782	21
24.198019802	52
22.9900990099	29
22.0792079208	12
25.801980198	147
23.2079207921	25
23.1782178218	26
23.801980198	53
22.3663366337	16
22.3168316832	14
25.1584158416	96
21.2475247525	7
24.3663366337	55
23.1287128713	20
24.1188118812	53
22.7821782178	17
22.6336633663	11
26.4356435644	167
21.6534653465	15
23.7623762376	43
19.3762376238	4
23.5742574257	31
21.0792079208	3
22.5346534653	16
22.4851485149	28
23.8217821782	37
24.3168316832	57
20.1782178218	3
19.2673267327	4
23.5841584158	39
23.8415841584	53
21.1485148515	5
21.1881188119	11
25.3663366337	116
21.5346534653	7
24.2871287129	60
19.0099009901	1
21.6336633663	14
23.2673267327	24
23.2277227723	33
20.495049505	6
14.1287128713	1
23.8910891089	48
23.1881188119	27
21.9801980198	11
20.8811881188	6
19.4257425743	3
24.7623762376	69
22.6930693069	27
23.4554455446	28
22.297029703	19
22.0891089109	9
17.495049505	1
16.504950495	3
15.603960396	1
17.9702970297	1
21.2277227723	10
22.4059405941	15
19.5940594059	3
21.1584158416	6
22.6534653465	15
20.3366336634	3
24.3366336634	56
20.7722772277	7
24.0693069307	36
21.5841584158	7
24.8613861386	81
22.504950495	18
25.3267326733	91
24.2376237624	53
23.2574257426	29
19.4059405941	2
21.3267326733	8
23.8118811881	45
23.6930693069	44
18.6732673267	4
22.2079207921	25
21.8811881188	12
20.1287128713	5
13.9801980198	1
24.1683168317	52
25.3861386139	126
21.2376237624	7
19.4752475248	3
14.5742574257	1
24.5940594059	65
22.3069306931	14
23.7821782178	36
22.2178217822	12
22.1485148515	11
21.504950495	8
19.9108910891	8
22.4554455446	19
20.2079207921	3
20.9306930693	5
19.6831683168	1
18.5841584158	2
19.8613861386	3
22.4653465347	17
23.495049505	34
19.1881188119	2
24.4653465347	74
21.1683168317	9
23.6732673267	34
21.7623762376	11
20.2574257426	7
21.2574257426	6
23.6633663366	36
22.801980198	31
21.603960396	10
22.7128712871	24
16.0099009901	2
21.702970297	8
23.0	24
18.4356435644	2
22.5247524752	19
23.4653465347	26
19.4158415842	5
22.2772277228	14
22.2574257426	14
20.3168316832	2
22.8613861386	19
21.7722772277	9
22.6435643564	24
20.9900990099	7
20.9108910891	4
18.6237623762	2
22.7227722772	18
22.8415841584	25
17.1485148515	2
23.1089108911	23
20.6633663366	4
22.7326732673	19
15.8118811881	3
21.5940594059	8
14.7722772277	1
18.6831683168	2
22.9405940594	30
13.1881188119	1
23.0891089109	34
21.099009901	10
21.7425742574	12
15.9603960396	3
18.4752475248	3
25.702970297	122
19.900990099	2
24.3861386139	63
21.297029703	9
20.1485148515	6
15.5643564356	3
19.0792079208	8
22.0	15
24.3267326733	62
18.2277227723	4
19.8811881188	2
15.0198019802	1
18.7821782178	2
23.5445544554	37
20.603960396	3
23.1584158416	16
18.4653465347	1
24.2079207921	41
21.9504950495	9
22.6138613861	27
21.4257425743	6
20.5148514851	4
15.2178217822	2
21.198019802	5
23.3267326733	20
20.6534653465	3
23.3861386139	37
18.7227722772	2
23.198019802	35
21.3366336634	9
23.6831683168	27
23.4257425743	31
19.3663366337	3
21.6237623762	7
20.4851485149	7
12.9900990099	1
17.9405940594	3
23.1188118812	23
19.7128712871	4
21.3465346535	7
20.198019802	4
20.8217821782	5
22.0693069307	11
20.3465346535	3
21.801980198	12
16.8514851485	3
22.5148514851	18
22.8118811881	19
21.4455445545	3
20.3663366337	4
24.495049505	52
18.0198019802	2
21.3168316832	5
18.4455445545	1
22.702970297	16
17.6930693069	1
21.1782178218	8
13.8316831683	1
19.1287128713	3
23.0495049505	22
19.7425742574	1
22.7722772277	15
21.5445544554	6
22.5445544554	13
20.0198019802	2
20.504950495	4
22.3366336634	11
22.1782178218	8
20.2178217822	7
22.6831683168	19
22.3762376238	16
21.1188118812	11
21.4851485149	11
23.0099009901	27
14.3762376238	1
16.4059405941	5
20.2277227723	2
21.4356435644	9
22.0495049505	12
21.8316831683	9
20.9603960396	2
23.2772277228	24
19.0594059406	3
21.0495049505	4
14.8712871287	2
17.8910891089	1
16.3564356436	2
17.4455445545	1
22.4257425743	21
21.9207920792	13
22.9702970297	25
17.8415841584	1
21.5148514851	10
20.702970297	5
19.8316831683	4
22.0099009901	17
23.0594059406	22
22.9504950495	24
22.5940594059	18
21.6435643564	10
21.3069306931	10
16.702970297	3
22.495049505	22
19.0693069307	1
22.2475247525	15
22.0396039604	15
21.6633663366	7
19.0297029703	4
20.5940594059	6
21.4653465347	8
22.8316831683	21
20.4059405941	6
20.7920792079	6
17.2376237624	2
21.0099009901	7
22.1287128713	10
15.5148514851	1
19.7227722772	3
21.9306930693	10
21.8118811881	14
22.7920792079	23
21.9702970297	11
18.8712871287	1
20.7128712871	2
22.1188118812	12
22.9207920792	20
22.1683168317	13
20.3861386139	4
16.603960396	2
23.2376237624	27
19.9900990099	2
22.1881188119	16
16.2574257426	2
20.8613861386	3
20.9207920792	7
17.7920792079	1
21.0693069307	4
19.3069306931	2
19.3267326733	2
17.2475247525	4
20.4158415842	3
21.0	3
19.1782178218	2
14.6732673267	1
21.0297029703	8
16.9504950495	2
14.0792079208	2
21.5544554455	7
20.8118811881	7
14.4257425743	2
20.8514851485	3
20.5643564356	4
20.0099009901	1
21.5742574257	9
20.1089108911	2
20.1683168317	3
20.5346534653	5
21.5247524752	4
21.396039604	6
16.5445544554	1
18.099009901	1
20.6831683168	1
15.7128712871	2
19.8217821782	5
18.5247524752	3
19.2772277228	2
20.8712871287	2
20.4653465347	4
17.0	3
18.6336633663	3
20.396039604	6
18.2871287129	2
20.5544554455	3
19.3564356436	2
13.0891089109	1
17.396039604	4
19.801980198	3
20.9504950495	3
20.297029703	2
19.9405940594	3
20.1584158416	3
17.9900990099	4
19.198019802	2
17.3465346535	3
21.2178217822	7
19.9801980198	1
19.6237623762	4
13.1386138614	1
21.1386138614	2
19.1683168317	3
16.6534653465	1
17.2871287129	1
17.1881188119	1
17.6831683168	1
20.7425742574	8
13.8811881188	1
18.1881188119	3
20.3762376238	2
18.9306930693	3
21.3762376238	5
21.5643564356	9
20.0891089109	2
21.1287128713	5
18.8613861386	1
17.5940594059	3
17.8613861386	2
20.1188118812	1
20.0495049505	3
20.2475247525	4
17.4851485149	1
13.6336633663	1
19.6534653465	1
15.6633663366	2
19.099009901	3
19.6435643564	2
19.5643564356	2
13.3366336634	1
13.6831683168	2
18.0891089109	2
18.4554455446	1
20.4257425743	2
21.0396039604	5
21.0594059406	3
20.5247524752	8
19.504950495	2
17.0891089109	1
16.1089108911	3
15.2673267327	1
20.2871287129	4
18.9603960396	1
19.6930693069	1
18.1485148515	1
16.3069306931	1
19.9207920792	5
18.9801980198	1
15.3663366337	2
21.3861386139	5
20.0693069307	3
17.198019802	3
19.2376237624	1
20.3564356436	4
19.5247524752	2
15.9108910891	1
21.4059405941	6
18.8316831683	1
21.4158415842	6
20.7623762376	2
18.7722772277	1
16.7524752475	1
19.0891089109	1
12.5940594059	1
21.2673267327	3
16.8415841584	1
19.5742574257	1
20.6237623762	3
20.0297029703	3
18.2376237624	2
20.3267326733	2
19.6336633663	1
20.1881188119	3
19.4653465347	2
18.1386138614	3
18.1782178218	1
16.9306930693	1
20.801980198	4
15.4554455446	1
14.4752475248	1
18.8118811881	1
18.4851485149	1
20.5841584158	1
16.801980198	1
18.5742574257	2
15.3069306931	1
15.7623762376	1
20.0594059406	2
19.3168316832	1
19.8118811881	2
20.2673267327	1
18.702970297	1
16.2079207921	1
14.0297029703	1
13.7821782178	1
18.3069306931	1
20.4356435644	1
14.2277227723	2
17.6336633663	1
13.0396039604	1
20.6336633663	2
21.1089108911	5
19.8514851485	1
16.099009901	1
18.1188118812	1
20.7227722772	2
20.7524752475	4
17.8316831683	1
16.7722772277	1
21.0198019802	2
20.7326732673	3
18.1089108911	1
19.1584158416	1
17.5445544554	1
20.2376237624	2
19.6732673267	1
20.5445544554	3
18.900990099	1
19.3861386139	2
19.8415841584	1
18.8217821782	1
21.6138613861	2
19.9603960396	2
19.1386138614	1
20.9702970297	3
21.8217821782	7
20.6138613861	1
20.4752475248	1
17.7425742574	2
20.0396039604	1
16.5544554455	1
17.1386138614	1
20.1386138614	4
18.8811881188	1
16.0594059406	1
21.8712871287	4
19.2277227723	2
18.8514851485	1
20.8910891089	2
19.1188118812	1
14.9207920792	1
19.1485148515	1
19.0495049505	1
20.2772277228	3
18.0099009901	1
19.2871287129	1
18.2574257426	1
16.4554455446	1
18.7623762376	1
18.9108910891	1
18.3663366337	1
19.3366336634	1
19.5544554455	1
19.6138613861	1
18.5544554455	1
18.5148514851	1
