Average qual score & Frequency
37.5445544554	4607
39.8811881188	19608
40.3168316832	38336
29.8910891089	975
38.0693069307	5285
40.2277227723	28202
40.0594059406	26123
39.2673267327	10550
40.2772277228	37492
36.900990099	3547
39.5445544554	13501
40.1881188119	31556
40.0495049505	24099
40.1485148515	32004
38.9405940594	8568
40.3564356436	37232
39.1485148515	9729
39.7326732673	16740
38.9801980198	8510
39.6930693069	15973
40.0792079208	27022
19.2673267327	456
29.0396039604	928
40.0198019802	24919
38.3168316832	6264
37.3762376238	4361
24.9108910891	561
38.2475247525	6091
38.7524752475	7731
40.1584158416	34351
40.099009901	26910
39.4059405941	11880
40.2574257426	35368
40.1089108911	30133
37.9702970297	5398
39.8514851485	18735
26.6138613861	662
39.4356435644	12260
38.1386138614	5793
32.099009901	1235
34.7920792079	2185
38.4653465347	6697
28.7722772277	924
36.0099009901	2842
38.2673267327	6101
39.6237623762	14659
35.3465346535	2446
37.801980198	4830
37.8415841584	5161
39.9207920792	20887
40.0693069307	28373
38.9702970297	8609
39.8613861386	19519
35.6930693069	2472
40.2376237624	40782
39.9900990099	23552
39.3762376238	11718
40.1386138614	26783
39.1782178218	10011
34.4455445545	2013
39.8712871287	20046
31.3366336634	1142
40.0297029703	25754
39.3465346535	11331
39.7128712871	15912
36.7524752475	3514
35.8415841584	2641
26.3861386139	681
38.603960396	7033
39.900990099	20559
39.1881188119	10074
36.5643564356	3335
40.1188118812	30784
39.504950495	13340
39.9405940594	21611
39.8118811881	18167
39.9702970297	22115
35.9603960396	2704
39.0693069307	9219
39.9801980198	23333
37.4752475248	4388
38.2277227723	5936
25.3168316832	622
38.5544554455	6775
29.5643564356	900
39.7524752475	16712
34.4554455446	2021
25.504950495	662
38.8118811881	8008
24.0594059406	515
39.495049505	12860
31.7326732673	1282
31.2574257426	1151
39.6336633663	15041
32.5544554455	1410
34.9306930693	2305
24.504950495	538
34.8910891089	2263
36.7821782178	3545
39.7722772277	17622
24.0198019802	550
38.801980198	7702
35.3564356436	2438
39.0594059406	9242
35.801980198	2577
38.495049505	6570
38.7920792079	7782
31.9108910891	1300
39.4851485149	12784
39.297029703	11002
38.7326732673	7447
37.4653465347	4346
33.0693069307	1496
39.1287128713	9425
38.9603960396	8548
36.0891089109	2791
33.9108910891	1805
39.5940594059	14279
40.198019802	38397
38.9306930693	8315
37.8217821782	5038
39.9504950495	22145
31.801980198	1304
37.9207920792	5215
38.2178217822	5960
35.5643564356	2455
33.6732673267	1711
37.099009901	3895
39.8217821782	18991
39.6732673267	15613
39.6435643564	15033
40.1683168317	31159
40.0891089109	24860
39.9306930693	21082
39.2475247525	10549
37.2079207921	4045
38.3663366337	6255
39.801980198	17775
35.5940594059	2548
30.8415841584	1107
40.2673267327	28221
38.7227722772	7455
35.8316831683	2629
37.5544554455	4703
36.6336633663	3276
39.8316831683	19048
37.4851485149	4349
37.6138613861	4665
39.4554455446	12518
37.7227722772	4868
34.5742574257	1970
38.3861386139	6292
34.6435643564	2099
24.4455445545	567
39.6633663366	15228
34.6930693069	2065
31.6831683168	1293
30.3861386139	986
38.7623762376	7728
36.8217821782	3474
40.0099009901	23230
27.3366336634	765
35.9405940594	2771
27.3564356436	717
25.8316831683	671
36.8910891089	3598
37.5148514851	4482
20.3762376238	360
32.6435643564	1414
34.603960396	2103
38.5148514851	6777
38.9900990099	8775
36.8415841584	3664
30.5841584158	1087
35.7425742574	2611
39.6534653465	15139
37.8910891089	5156
38.0396039604	5472
33.297029703	1574
40.0396039604	24518
39.1089108911	9234
33.4653465347	1602
38.5643564356	6760
37.6633663366	4735
37.8613861386	5032
40.0	22875
39.2871287129	10906
39.5148514851	13315
36.9504950495	3573
38.8415841584	8078
39.5247524752	13246
40.3069306931	29145
38.3465346535	6234
27.900990099	799
15.8118811881	252
36.9306930693	3621
37.4554455446	4445
24.6336633663	567
33.6237623762	1736
36.9108910891	3570
31.9207920792	1255
34.5148514851	1914
40.1782178218	27518
38.8811881188	8079
39.7623762376	17011
33.2178217822	1554
39.5544554455	13739
39.1584158416	9793
39.7227722772	16629
30.1188118812	999
36.3663366337	3005
39.5643564356	13909
39.4653465347	12682
39.0792079208	9501
39.4455445545	12419
35.1584158416	2351
38.4257425743	6465
35.2673267327	2404
35.2079207921	2334
38.4059405941	6359
17.5940594059	469
28.8217821782	833
22.1089108911	484
40.1287128713	27574
39.5346534653	13679
38.900990099	8334
22.5643564356	475
34.9900990099	2328
23.7128712871	517
32.6831683168	1423
39.0099009901	8792
26.8118811881	708
25.7920792079	634
35.9702970297	2788
39.9108910891	20806
39.9603960396	21802
26.8811881188	698
37.702970297	4818
18.3168316832	352
32.8712871287	1460
35.9801980198	2807
36.9702970297	3712
39.7821782178	17701
36.5544554455	3249
37.6930693069	4786
33.1881188119	1544
38.5247524752	6738
39.702970297	15967
38.0594059406	5616
38.2376237624	5831
35.7128712871	2519
39.8415841584	18579
33.5643564356	1636
39.3663366337	11572
38.8217821782	7833
36.7425742574	3406
18.495049505	137
37.1089108911	3830
25.396039604	618
33.0396039604	1508
37.2574257426	4149
35.5247524752	2531
37.8811881188	5153
39.3168316832	11015
28.0198019802	724
33.900990099	1801
27.1584158416	707
39.8910891089	19906
29.504950495	904
37.8712871287	5212
38.0891089109	5479
38.8712871287	8176
34.8613861386	2196
37.2475247525	4070
39.4158415842	12002
38.0297029703	5395
28.9207920792	866
39.5742574257	14102
23.2277227723	466
23.0396039604	527
19.8613861386	442
22.3564356436	466
37.0198019802	3796
36.1386138614	2754
33.603960396	1708
37.6732673267	4766
36.3069306931	2973
38.6336633663	7220
31.4455445545	1214
39.3564356436	11361
27.3465346535	740
37.4455445545	4370
38.6138613861	7290
28.9702970297	890
36.0693069307	2813
36.4356435644	3110
20.6237623762	356
39.603960396	14570
39.0297029703	9168
25.3267326733	616
34.6534653465	2087
38.9504950495	8434
32.1881188119	1340
23.9306930693	538
36.0396039604	2894
38.198019802	5853
39.6831683168	16025
39.1683168317	10040
34.7722772277	2151
38.0198019802	5382
20.8811881188	448
36.5940594059	3308
24.099009901	554
26.3762376238	686
36.0495049505	2815
25.4356435644	587
32.9801980198	1473
37.1485148515	4033
37.2178217822	4061
38.9207920792	8350
33.3663366337	1657
32.5148514851	1429
17.7425742574	439
38.4554455446	6478
22.8712871287	455
33.9702970297	1825
39.2574257426	10607
35.297029703	2343
26.1485148515	609
23.0	496
34.3762376238	1897
37.6237623762	4673
37.5643564356	4494
40.3465346535	31662
35.7623762376	2554
40.6138613861	104421
38.2079207921	5847
40.2871287129	45902
40.4554455446	77845
40.6633663366	558263
29.4851485149	937
36.3762376238	3118
29.7425742574	943
40.504950495	98801
40.6534653465	46260
36.2178217822	2978
40.5445544554	150775
40.702970297	643064
40.2178217822	30538
34.0396039604	1845
30.6633663366	1087
36.9405940594	3626
40.5346534653	108061
40.5742574257	116187
29.8514851485	982
36.702970297	3406
40.495049505	93833
40.6237623762	365774
26.801980198	725
40.396039604	29681
36.801980198	3399
22.6633663366	432
26.1089108911	678
23.297029703	483
38.1782178218	5857
20.6435643564	447
40.3366336634	51753
38.1287128713	5636
40.5841584158	232859
40.4158415842	66567
40.4455445545	54693
39.2178217822	10316
40.4257425743	47916
38.0099009901	5350
25.6732673267	648
22.3069306931	458
32.5445544554	1406
36.297029703	3031
38.7425742574	7669
32.9702970297	1528
17.297029703	457
35.0396039604	2345
35.2772277228	2510
39.2772277228	10721
36.7623762376	3378
37.9900990099	5197
30.4059405941	1050
38.0	5480
40.4653465347	65940
23.1386138614	506
31.6138613861	1224
38.1683168317	5703
36.3168316832	2947
40.4059405941	53482
40.5643564356	31770
38.3267326733	6193
38.8316831683	8039
38.1485148515	5713
34.5445544554	2089
22.9405940594	495
39.1386138614	9479
38.2574257426	5950
40.3663366337	49345
18.7326732673	365
35.396039604	2410
33.9603960396	1759
31.6633663366	1200
36.4158415842	3046
39.3366336634	11391
23.5247524752	565
24.2178217822	536
29.7623762376	992
28.702970297	879
40.2079207921	35704
30.2871287129	994
32.4752475248	1361
30.2178217822	1010
37.0693069307	3798
40.297029703	42654
37.7128712871	4785
27.099009901	736
35.1089108911	2175
32.8316831683	1449
35.2178217822	2340
20.0693069307	324
19.4752475248	311
33.7722772277	1776
27.8217821782	808
33.7227722772	1643
39.3069306931	10939
19.7623762376	434
39.7425742574	16936
34.6831683168	2190
24.7722772277	608
29.198019802	907
34.3069306931	1911
38.3564356436	6327
37.1683168317	4080
40.3762376238	61013
35.7227722772	2641
39.0495049505	9155
25.7425742574	595
36.1089108911	2786
39.4257425743	12413
36.2475247525	2883
39.5841584158	14178
24.9504950495	601
40.4752475248	18937
20.0	464
37.3861386139	4270
40.3861386139	37524
26.1881188119	653
17.5247524752	200
36.4059405941	3149
27.0	761
27.2178217822	697
37.9603960396	5215
40.5247524752	46089
30.9702970297	1095
35.0198019802	2308
36.5247524752	3228
21.9702970297	449
28.1287128713	830
35.6534653465	2576
26.5940594059	706
39.198019802	9915
27.2277227723	698
26.198019802	657
40.2475247525	41222
31.3861386139	1158
27.8613861386	744
29.8316831683	984
36.3465346535	3000
37.9801980198	5289
29.7920792079	976
38.702970297	7424
18.2277227723	484
34.3861386139	1975
35.8712871287	2752
34.8712871287	2176
37.4158415842	4310
39.0198019802	8850
20.495049505	485
40.3267326733	47781
31.6435643564	1214
27.7128712871	824
38.7128712871	7559
36.0297029703	2784
22.4851485149	462
38.6633663366	7320
36.0594059406	2839
34.6237623762	2104
18.4851485149	380
31.9306930693	1263
38.3366336634	6273
38.8613861386	8123
32.9900990099	1478
16.297029703	114
38.8514851485	7979
36.6732673267	3272
25.2376237624	601
34.4851485149	1966
27.3762376238	765
26.6930693069	708
35.6732673267	2560
35.9306930693	2733
36.3366336634	3054
34.2376237624	1880
36.2079207921	2972
36.7722772277	3484
30.396039604	1066
31.2871287129	1165
38.396039604	6487
35.8118811881	2650
32.3366336634	1348
33.1386138614	1533
36.3861386139	3032
34.5643564356	2129
37.3564356436	4260
33.3861386139	1553
39.6138613861	14526
34.0693069307	1886
37.0396039604	3704
34.4059405941	1878
25.3861386139	610
31.0198019802	1098
37.3069306931	4146
23.5841584158	502
22.0693069307	471
28.5445544554	780
33.2376237624	1584
33.2673267327	1554
40.603960396	4474
39.3267326733	11248
36.1188118812	2852
40.4851485149	52751
37.1386138614	3927
25.4158415842	588
27.4356435644	728
23.6336633663	549
31.1089108911	1132
34.9207920792	2129
32.8118811881	1461
22.8514851485	455
38.1584158416	5850
29.4653465347	875
39.2376237624	10336
18.3762376238	433
18.4158415842	361
33.9405940594	1809
30.3069306931	997
34.9702970297	2104
30.0891089109	1016
40.4356435644	25352
31.702970297	1283
36.4257425743	3105
33.0198019802	1497
38.7722772277	7775
25.6831683168	618
37.0	3768
29.0297029703	871
39.1188118812	9631
38.6930693069	7387
35.4158415842	2424
37.495049505	4492
28.1881188119	815
35.0891089109	2365
30.2376237624	1070
31.7128712871	1218
39.099009901	9362
34.4653465347	2007
38.7821782178	7828
35.1386138614	2436
36.2277227723	2948
33.1683168317	1500
25.3564356436	601
38.6534653465	7259
25.4851485149	590
29.3663366337	920
38.297029703	6198
34.4356435644	2040
25.1485148515	603
21.6732673267	438
28.6633663366	821
35.9207920792	2705
31.0396039604	1189
30.198019802	981
35.4455445545	2377
38.4356435644	6652
34.198019802	1838
20.6633663366	318
27.3861386139	723
32.6930693069	1469
36.3564356436	3044
17.099009901	492
32.3663366337	1280
33.0	1542
37.0297029703	3812
36.6831683168	3245
25.6237623762	610
21.9603960396	446
37.6435643564	4620
30.7821782178	1113
39.7920792079	17584
36.8712871287	3573
35.1881188119	2459
32.3069306931	1354
34.0	1821
30.3465346535	1054
31.5346534653	1210
28.9504950495	887
35.4554455446	2432
33.801980198	1771
31.1683168317	1150
15.5148514851	204
37.7821782178	5039
22.198019802	425
37.4257425743	4326
32.603960396	1358
37.2871287129	4008
35.3267326733	2445
28.3366336634	812
32.4356435644	1393
27.504950495	771
19.5148514851	413
33.1782178218	1505
37.504950495	4479
37.7425742574	5023
37.0594059406	3838
18.2574257426	176
37.0792079208	3824
38.504950495	6755
33.2277227723	1588
35.6336633663	2620
32.396039604	1435
35.9504950495	2661
33.504950495	1642
30.5544554455	1111
32.3564356436	1380
26.5742574257	671
33.5742574257	1641
37.7623762376	4879
33.3762376238	1589
34.2574257426	1931
29.0198019802	914
24.3465346535	539
36.603960396	3238
38.6831683168	7287
22.2772277228	417
34.6138613861	2067
17.5346534653	378
40.5148514851	10124
18.7227722772	533
29.6831683168	933
32.3861386139	1382
27.603960396	730
28.2376237624	820
38.8910891089	8254
32.7920792079	1432
25.1386138614	598
28.5544554455	846
29.1584158416	859
23.1881188119	518
28.6336633663	859
32.1287128713	1381
29.2475247525	900
33.6138613861	1680
36.1782178218	2728
38.1881188119	5923
36.9207920792	3683
21.0792079208	489
38.099009901	5538
37.5940594059	4657
21.8811881188	416
31.8514851485	1286
31.4851485149	1178
34.297029703	1943
32.6732673267	1455
36.6435643564	3337
29.6930693069	957
35.3762376238	2492
23.0297029703	519
34.2673267327	1982
39.2277227723	10319
39.0	8645
34.099009901	1834
19.8910891089	396
34.3366336634	1942
35.8613861386	2620
36.4752475248	3113
37.8514851485	5144
33.7821782178	1679
33.7623762376	1756
32.0891089109	1292
35.900990099	2636
34.2772277228	1978
32.7227722772	1438
25.0099009901	636
38.6435643564	7052
19.6732673267	314
24.495049505	568
37.5841584158	4696
25.1584158416	610
24.0099009901	522
28.0	763
31.9603960396	1268
36.5742574257	3254
19.3663366337	408
36.8811881188	3503
28.0297029703	823
38.5346534653	6926
22.9207920792	480
21.1386138614	464
18.2079207921	181
32.4059405941	1386
32.5346534653	1406
22.1386138614	389
27.801980198	788
30.801980198	1114
37.5346534653	4474
33.3168316832	1608
23.7920792079	528
31.099009901	1138
31.5445544554	1250
31.0495049505	1142
33.4455445545	1594
26.603960396	723
38.5841584158	6902
32.3267326733	1349
32.4851485149	1375
37.2772277228	4016
18.3267326733	480
39.0396039604	9184
37.1881188119	3954
38.9108910891	8406
25.0891089109	622
26.1287128713	667
38.4455445545	6534
23.9504950495	512
35.3366336634	2422
37.9306930693	5366
35.1782178218	2391
19.2475247525	338
30.4752475248	982
37.3366336634	4244
33.8514851485	1753
16.7524752475	449
38.3762376238	6343
33.3465346535	1683
32.801980198	1492
37.7524752475	5040
27.4653465347	744
24.801980198	550
34.3465346535	1994
31.1287128713	1129
30.2475247525	1023
33.2772277228	1532
31.1386138614	1142
38.1089108911	5821
18.7821782178	386
34.3564356436	1889
34.0099009901	1762
34.7821782178	2283
23.3861386139	518
35.5346534653	2517
36.198019802	2971
32.4158415842	1345
37.603960396	4619
25.2772277228	619
37.7326732673	4847
17.5742574257	200
30.5940594059	1102
30.1782178218	996
34.1089108911	1775
29.297029703	907
30.7425742574	1075
33.0495049505	1521
27.0891089109	704
31.4752475248	1201
34.4158415842	2025
35.6831683168	2612
36.1485148515	2918
23.3762376238	503
28.3069306931	875
34.1881188119	1876
34.8811881188	2373
30.6138613861	1089
29.9207920792	936
26.8613861386	725
37.9405940594	5273
30.7920792079	1082
36.7128712871	3374
33.4554455446	1642
29.7821782178	980
27.1188118812	698
29.4554455446	934
31.5148514851	1232
28.3762376238	849
15.7821782178	6
29.2277227723	878
27.2772277228	730
33.6336633663	1750
34.1287128713	1835
34.396039604	1927
37.2376237624	4072
29.1881188119	894
31.3069306931	1105
24.0891089109	543
17.9702970297	244
18.1881188119	452
34.8217821782	2135
35.3069306931	2406
35.4059405941	2395
22.9801980198	467
32.1089108911	1306
21.4554455446	381
37.7722772277	5046
38.0792079208	5575
32.2376237624	1331
39.2079207921	10297
23.8217821782	551
33.2475247525	1559
21.3762376238	448
22.3168316832	480
22.8613861386	460
30.3366336634	1005
15.6138613861	229
38.6732673267	7144
39.4752475248	12826
25.3762376238	629
30.4257425743	1091
33.4356435644	1642
32.7128712871	1440
24.3861386139	565
18.8217821782	424
28.2871287129	857
27.297029703	737
21.0	392
24.702970297	590
26.0396039604	699
32.0	1244
38.1188118812	5569
37.6831683168	4832
21.6237623762	474
28.5346534653	820
36.8316831683	3518
21.603960396	423
35.6633663366	2520
35.4356435644	2500
32.1584158416	1308
34.1584158416	1791
21.1188118812	419
39.0891089109	9341
35.1683168317	2366
33.8316831683	1707
28.3564356436	796
29.0099009901	872
16.2376237624	38
37.0099009901	3747
23.0693069307	497
33.0297029703	1566
38.4752475248	6511
34.7623762376	2148
36.7326732673	3402
37.396039604	4213
31.3663366337	1211
32.9504950495	1546
37.5247524752	4641
28.495049505	778
25.0297029703	589
25.2079207921	619
21.5148514851	449
19.198019802	280
38.5742574257	6913
32.0792079208	1321
34.3168316832	1911
38.5940594059	6961
35.5148514851	2477
32.900990099	1432
30.1683168317	1018
30.702970297	1111
30.1089108911	1014
23.801980198	517
22.6732673267	486
27.5445544554	734
34.702970297	2192
32.2772277228	1398
29.5742574257	962
23.6633663366	557
22.1584158416	505
22.4653465347	457
28.8415841584	812
22.495049505	492
34.5346534653	1996
32.8514851485	1458
35.3168316832	2309
38.4851485149	6715
25.2574257426	616
35.8811881188	2580
13.2376237624	4
32.1485148515	1322
18.5742574257	434
30.6336633663	1091
36.9603960396	3654
31.7920792079	1288
24.8514851485	557
36.3267326733	3026
36.6930693069	3439
28.4059405941	860
35.8910891089	2685
28.1485148515	816
37.1188118812	3939
16.396039604	139
35.4653465347	2482
20.504950495	415
32.6138613861	1371
20.9306930693	482
23.4851485149	552
38.6237623762	7083
17.2277227723	143
36.0792079208	2798
23.9801980198	525
25.9603960396	697
30.9504950495	1090
28.6435643564	847
27.1881188119	807
39.396039604	11825
28.4653465347	876
33.1485148515	1545
30.8217821782	1121
36.1287128713	2907
35.0792079208	2341
36.0	2744
28.603960396	817
19.9306930693	290
23.3168316832	506
16.9504950495	462
35.2475247525	2363
27.7821782178	810
24.6435643564	565
37.6534653465	4741
37.8316831683	5019
28.5940594059	871
35.7920792079	2624
29.495049505	917
38.0495049505	5709
35.5742574257	2560
37.4059405941	4316
30.603960396	1086
22.7524752475	461
33.4257425743	1585
36.9801980198	3723
24.2574257426	515
33.3069306931	1562
35.5544554455	2518
28.8811881188	893
36.4851485149	3149
20.6831683168	463
28.8613861386	859
34.0891089109	1835
17.7524752475	56
30.8910891089	1115
36.4455445545	3168
35.702970297	2491
30.0396039604	1016
27.3267326733	737
37.6336633663	4709
20.5346534653	448
28.099009901	793
29.3564356436	864
33.702970297	1712
31.297029703	1127
33.5544554455	1683
17.9900990099	431
27.0099009901	683
28.1584158416	773
33.8712871287	1704
26.5841584158	722
28.0495049505	823
35.8217821782	2625
33.5940594059	1658
18.6138613861	371
27.5346534653	741
33.2079207921	1552
24.6237623762	566
30.7524752475	1107
32.7821782178	1537
37.3168316832	4076
23.5346534653	516
23.9207920792	544
18.4257425743	425
33.1287128713	1576
33.9207920792	1755
37.8118811881	4907
30.297029703	993
28.8316831683	910
35.099009901	2373
35.1287128713	2382
26.8712871287	758
35.4257425743	2649
18.1782178218	426
31.603960396	1194
35.1188118812	2367
36.5148514851	3189
32.4554455446	1391
29.4257425743	922
28.4851485149	826
19.2574257426	392
35.7821782178	2655
27.9801980198	783
32.5643564356	1425
35.0297029703	2456
38.3069306931	6172
21.8613861386	468
29.0594059406	858
17.0	445
22.801980198	488
22.1287128713	469
31.4356435644	1201
24.5643564356	554
25.801980198	663
34.0594059406	1856
33.5247524752	1666
34.5247524752	2022
21.9900990099	434
28.9108910891	856
17.198019802	452
34.9504950495	2248
20.198019802	491
34.7425742574	2161
26.2376237624	693
20.2673267327	358
24.0297029703	564
33.3267326733	1630
31.0693069307	1142
22.3663366337	450
28.2574257426	786
20.2475247525	501
18.6633663366	372
18.0099009901	148
31.504950495	1211
35.5445544554	2434
20.0891089109	446
16.9405940594	246
29.0693069307	859
32.7425742574	1480
26.8415841584	692
25.6534653465	623
31.2079207921	1203
25.5940594059	623
35.9900990099	2780
35.4752475248	2437
31.5247524752	1211
18.5445544554	147
23.5643564356	487
21.702970297	412
16.2574257426	383
24.5346534653	541
24.8415841584	552
29.7326732673	966
28.7227722772	885
29.3267326733	906
28.0594059406	794
33.1089108911	1556
32.8415841584	1448
26.3465346535	689
22.8217821782	429
32.504950495	1448
27.495049505	772
33.6534653465	1666
38.5445544554	6819
29.3465346535	951
36.504950495	3168
29.7227722772	1000
31.2475247525	1184
26.7722772277	724
35.4851485149	2438
35.0594059406	2177
26.4257425743	685
32.0198019802	1307
23.4752475248	509
27.2376237624	729
34.801980198	2239
30.495049505	1063
28.2772277228	848
29.6138613861	962
33.099009901	1566
37.198019802	3953
31.8811881188	1253
21.9504950495	454
27.4851485149	706
36.6138613861	3249
21.8118811881	463
26.2277227723	613
29.5841584158	950
28.801980198	884
34.2277227723	1877
21.396039604	365
32.8217821782	1411
37.1782178218	4021
23.8514851485	529
34.2475247525	1924
24.8217821782	555
28.7821782178	859
31.7623762376	1239
35.3663366337	2357
35.495049505	2561
34.8514851485	2250
34.0495049505	1808
29.2772277228	935
23.5148514851	519
17.8415841584	450
37.0495049505	3809
30.504950495	1053
19.504950495	431
38.2871287129	6139
29.9702970297	1013
29.2376237624	914
35.1485148515	2298
33.5841584158	1645
36.5346534653	3193
29.3168316832	914
22.297029703	444
31.6930693069	1234
29.8217821782	944
27.6633663366	762
31.7227722772	1248
18.1683168317	324
36.396039604	3056
36.7227722772	3349
34.4257425743	2090
33.3366336634	1566
32.6336633663	1434
24.5445544554	522
32.198019802	1249
31.8613861386	1284
33.9504950495	1836
23.2574257426	526
29.1089108911	951
30.2673267327	1015
20.297029703	458
29.6732673267	903
34.1782178218	1846
32.6534653465	1394
24.7623762376	603
34.504950495	2085
34.5544554455	2002
16.702970297	454
36.7920792079	3459
24.900990099	611
27.6435643564	769
18.7524752475	252
31.5742574257	1177
27.6930693069	806
35.0099009901	2226
33.3564356436	1565
32.4653465347	1335
28.1782178218	774
33.1188118812	1531
34.4752475248	2038
17.4158415842	63
37.0891089109	3766
31.8217821782	1197
28.0891089109	785
33.4851485149	1637
29.3861386139	908
33.7128712871	1765
38.4158415842	6359
33.9801980198	1752
34.495049505	2025
33.396039604	1579
28.504950495	835
27.3168316832	720
30.900990099	1104
32.0297029703	1272
33.7425742574	1615
32.8613861386	1515
25.8712871287	616
18.5247524752	436
21.3168316832	416
19.8712871287	351
32.2475247525	1298
29.7128712871	1008
20.7425742574	489
18.9108910891	388
31.4257425743	1209
33.9306930693	1778
33.8217821782	1759
36.9900990099	3522
28.1089108911	787
26.0	673
24.1188118812	542
19.6534653465	445
32.9405940594	1439
19.6336633663	244
37.1287128713	3922
37.9504950495	5204
37.7920792079	4950
36.5841584158	3173
36.495049505	3141
26.1386138614	614
24.1485148515	505
19.4158415842	488
22.6237623762	433
31.7425742574	1222
24.4554455446	590
31.4059405941	1125
26.3267326733	683
28.0396039604	772
28.9801980198	876
30.3663366337	1010
35.7524752475	2606
35.2871287129	2396
18.8613861386	401
36.2574257426	2983
35.5841584158	2517
33.9900990099	1797
22.1683168317	464
17.1485148515	494
33.495049505	1555
36.1584158416	2943
20.8415841584	457
34.3663366337	2027
24.9603960396	592
30.9603960396	1097
25.9306930693	604
25.8613861386	632
39.3861386139	11703
29.9504950495	1014
18.5148514851	369
29.0	844
32.702970297	1495
27.1089108911	729
19.099009901	289
37.4356435644	4209
20.801980198	427
27.2871287129	772
36.2673267327	2997
32.2673267327	1347
34.1386138614	1862
28.2079207921	830
26.3564356436	653
26.1584158416	684
30.8514851485	1089
23.8415841584	518
37.3663366337	4283
25.7623762376	634
23.2376237624	499
30.7623762376	1065
38.2772277228	6028
22.4554455446	508
29.8712871287	995
33.7920792079	1751
15.9108910891	300
19.2871287129	198
34.2079207921	1857
27.6732673267	746
29.1386138614	866
24.4257425743	527
31.0	1138
26.2871287129	705
36.2772277228	2979
30.2277227723	1044
34.6336633663	2056
21.8514851485	448
36.8118811881	3426
32.8811881188	1424
31.495049505	1148
28.4356435644	801
37.297029703	4174
37.2277227723	3923
18.9306930693	315
18.4356435644	391
31.3762376238	1132
32.0396039604	1246
33.6930693069	1709
19.5247524752	312
31.0594059406	1149
24.5148514851	564
31.396039604	1187
34.2178217822	1866
27.1782178218	729
35.0693069307	2196
26.3366336634	646
27.1485148515	718
29.1287128713	863
24.198019802	535
25.5445544554	622
24.8811881188	600
34.900990099	2254
36.8613861386	3565
32.0594059406	1280
28.1188118812	770
32.7623762376	1514
31.1188118812	1158
28.396039604	841
28.0693069307	752
32.297029703	1341
18.8712871287	489
27.4158415842	754
15.9405940594	16
22.5742574257	454
37.3267326733	4196
35.504950495	2432
37.1584158416	3878
19.5445544554	342
25.9405940594	634
36.4554455446	3135
19.1485148515	327
30.5346534653	1031
28.3168316832	834
24.3267326733	549
29.1683168317	901
31.2673267327	1189
28.2277227723	835
16.495049505	160
20.702970297	381
36.6237623762	3336
27.9900990099	788
32.9603960396	1461
19.1782178218	351
24.2079207921	583
29.099009901	889
28.9900990099	879
30.1485148515	1006
34.1485148515	1873
21.5247524752	421
21.7128712871	428
30.6930693069	1067
29.2079207921	938
23.0891089109	499
31.7524752475	1213
30.9207920792	1162
28.5148514851	865
35.6138613861	2508
25.0792079208	597
31.5643564356	1240
32.2871287129	1389
27.1683168317	768
31.4653465347	1259
26.6237623762	698
34.7128712871	2101
23.6237623762	491
23.0792079208	484
23.9702970297	539
22.4059405941	535
31.9405940594	1276
25.2871287129	580
32.0099009901	1250
27.4554455446	794
27.396039604	762
20.5742574257	361
26.7227722772	682
29.6534653465	1018
25.5841584158	597
21.7623762376	453
29.2673267327	870
20.3069306931	413
36.8514851485	3515
30.0495049505	1002
19.7425742574	337
30.2079207921	1000
20.8613861386	327
20.099009901	477
24.3762376238	572
33.1584158416	1551
24.1386138614	503
16.5445544554	151
16.5544554455	416
26.7524752475	677
35.198019802	2391
26.0891089109	628
26.4158415842	664
32.0693069307	1276
17.3465346535	477
27.0297029703	710
35.9108910891	2751
30.099009901	1012
24.7821782178	601
19.4554455446	456
35.2574257426	2367
18.9603960396	399
17.5445544554	443
30.9801980198	1143
23.7722772277	531
34.7326732673	2157
30.7128712871	1056
24.9306930693	550
31.8415841584	1279
17.6930693069	452
36.2376237624	2957
33.8118811881	1763
31.0099009901	1115
30.0792079208	989
16.504950495	414
20.8712871287	396
33.5148514851	1635
27.7227722772	747
33.0594059406	1487
22.4158415842	447
24.0792079208	542
33.6633663366	1675
20.3861386139	419
27.4059405941	752
28.7425742574	901
27.9207920792	767
30.1287128713	1019
26.2475247525	619
23.2178217822	532
33.6435643564	1633
32.5940594059	1399
29.801980198	930
21.2772277228	445
26.9405940594	734
33.8910891089	1824
29.0495049505	852
15.3168316832	172
25.702970297	655
26.2673267327	692
27.7920792079	777
29.3069306931	900
21.7326732673	444
21.495049505	395
30.6435643564	1065
34.5841584158	2046
31.6534653465	1231
25.1287128713	646
19.8118811881	406
28.7524752475	869
23.7227722772	581
20.8910891089	445
20.5841584158	431
40.5544554455	853
35.2277227723	2532
29.9801980198	1039
32.7722772277	1415
30.2574257426	1053
30.0198019802	1037
22.9603960396	467
32.8910891089	1510
24.1584158416	573
24.1089108911	529
20.9504950495	393
33.8613861386	1729
22.5940594059	465
22.7821782178	440
25.4653465347	653
37.5742574257	4567
30.9405940594	1155
31.9702970297	1221
31.0297029703	1129
20.1881188119	419
17.4455445545	448
32.1683168317	1300
30.5643564356	1044
25.6336633663	630
26.099009901	635
28.2673267327	851
36.099009901	2858
24.3366336634	572
20.7326732673	445
37.900990099	5176
20.9405940594	435
15.4653465347	227
33.2574257426	1521
19.1584158416	407
32.5247524752	1356
16.7425742574	221
25.3366336634	621
20.7821782178	432
29.396039604	884
37.3465346535	4258
35.0	2361
25.7326732673	635
29.9603960396	997
21.4257425743	456
29.6237623762	927
26.7425742574	689
33.4059405941	1608
17.8118811881	111
24.396039604	563
21.7920792079	407
21.2079207921	358
24.1881188119	499
36.6534653465	3332
29.5940594059	918
24.8910891089	580
31.4554455446	1213
35.7722772277	2629
29.702970297	979
30.0594059406	980
30.7722772277	1092
29.5445544554	854
36.1881188119	2979
34.2871287129	1912
29.8415841584	1033
30.6534653465	1051
36.5445544554	3294
31.8712871287	1285
24.0693069307	548
26.0198019802	679
27.3069306931	738
25.0	604
23.7326732673	505
18.1386138614	418
24.6633663366	583
27.3663366337	698
34.7524752475	2161
34.8415841584	2249
18.3366336634	376
19.9702970297	337
34.8316831683	2296
23.6732673267	517
22.1188118812	467
17.0495049505	458
30.2772277228	994
37.9108910891	5166
18.8514851485	276
16.4554455446	384
20.396039604	432
31.3168316832	1175
31.9900990099	1289
36.2871287129	2991
28.4257425743	813
17.0396039604	236
21.9801980198	420
28.2178217822	820
29.9306930693	1019
31.2772277228	1159
23.8910891089	523
19.3762376238	315
21.7425742574	435
32.1386138614	1335
28.2475247525	861
26.1683168317	663
18.504950495	229
33.6831683168	1703
25.8415841584	687
29.7524752475	963
27.8811881188	798
19.4356435644	234
23.603960396	498
31.1782178218	1213
24.9801980198	617
32.3168316832	1440
33.198019802	1591
24.2277227723	551
22.6930693069	495
35.3861386139	2526
24.8118811881	647
18.801980198	252
22.0	448
34.3267326733	1932
27.6831683168	713
32.6237623762	1412
20.1584158416	428
32.495049505	1348
31.1584158416	1143
24.6930693069	561
33.7326732673	1646
32.3465346535	1355
16.0495049505	103
35.6435643564	2535
34.1683168317	1801
29.1782178218	955
26.900990099	761
23.9603960396	513
26.702970297	698
29.1485148515	878
29.2574257426	876
24.6138613861	584
26.0693069307	678
33.7524752475	1676
30.4158415842	1082
15.2673267327	200
26.2178217822	625
20.0594059406	380
22.8316831683	457
32.4455445545	1396
36.6633663366	3333
31.6336633663	1215
29.4752475248	906
26.297029703	681
30.5148514851	1058
32.9207920792	1446
31.0891089109	1112
31.900990099	1255
19.0297029703	344
23.1287128713	533
22.1782178218	459
22.7920792079	471
27.9405940594	802
32.7326732673	1442
27.8316831683	792
28.1683168317	775
32.3762376238	1403
24.4059405941	596
31.2178217822	1177
27.6534653465	794
24.8613861386	563
34.9108910891	2220
19.4653465347	438
26.8514851485	678
27.5643564356	750
17.6435643564	486
24.1683168317	523
34.9603960396	2199
26.8910891089	663
17.6831683168	413
20.2871287129	429
19.8514851485	486
28.5742574257	810
25.8910891089	660
21.4356435644	440
32.0495049505	1303
26.4059405941	638
25.7227722772	608
31.0792079208	1110
27.8712871287	753
25.7128712871	624
19.8415841584	398
22.9504950495	467
36.4653465347	3182
37.2673267327	4183
19.0	289
17.0792079208	125
21.5841584158	406
25.297029703	601
24.4752475248	533
28.1386138614	804
18.9900990099	185
31.8910891089	1200
26.5148514851	669
28.6831683168	794
22.6138613861	503
22.0099009901	484
34.6633663366	2080
26.6336633663	711
23.5940594059	495
28.7128712871	893
18.8118811881	389
14.9207920792	113
19.4059405941	441
17.9405940594	407
20.2277227723	294
27.7326732673	779
20.4158415842	340
26.5544554455	685
17.5841584158	382
21.7227722772	461
30.1386138614	1047
35.7326732673	2591
16.8415841584	223
33.0099009901	1610
24.7524752475	587
30.0099009901	986
31.7821782178	1265
23.5445544554	491
21.4059405941	403
18.0792079208	438
24.5841584158	571
26.7821782178	734
29.0891089109	860
16.603960396	429
28.6534653465	842
31.3564356436	1117
21.5346534653	426
35.603960396	2532
18.8811881188	341
31.8316831683	1275
28.6732673267	842
32.9306930693	1550
31.9504950495	1248
36.1683168317	2946
17.6138613861	108
29.9405940594	991
23.4158415842	520
34.8118811881	2195
23.8613861386	543
21.9108910891	463
23.0099009901	484
29.2178217822	855
30.5742574257	1048
22.2871287129	430
35.0495049505	2318
17.495049505	437
34.0198019802	1785
24.6831683168	637
15.1188118812	153
32.5841584158	1398
20.603960396	433
33.0792079208	1552
30.0	961
36.0198019802	2841
20.0792079208	321
22.3267326733	451
25.3663366337	589
34.5940594059	2046
30.8118811881	1102
30.1881188119	1010
19.5841584158	223
30.8811881188	1084
32.2574257426	1319
18.603960396	239
26.4752475248	712
22.0891089109	396
19.396039604	324
30.7326732673	1081
19.702970297	450
27.0495049505	722
23.3267326733	530
23.1089108911	491
27.1386138614	729
23.0594059406	481
21.3861386139	423
18.8910891089	160
22.4455445545	485
30.3564356436	1069
35.8514851485	2660
22.9900990099	504
30.4554455446	1012
31.1881188119	1182
25.8514851485	633
25.8217821782	660
34.9801980198	2306
18.9801980198	332
22.2178217822	464
19.900990099	468
22.6534653465	450
20.4059405941	367
21.1584158416	369
25.2277227723	599
15.2178217822	144
24.7227722772	589
28.5643564356	845
22.2475247525	441
29.5346534653	883
27.7425742574	766
24.5247524752	589
25.900990099	643
25.4455445545	599
27.5841584158	762
24.8316831683	570
32.2178217822	1387
22.2079207921	493
27.7722772277	758
21.1683168317	435
21.8217821782	466
33.0891089109	1512
28.297029703	844
17.4653465347	87
30.6732673267	1113
25.4059405941	594
30.8316831683	1066
25.3465346535	633
21.0693069307	425
33.4752475248	1635
25.4257425743	561
28.4158415842	795
16.6336633663	60
27.2079207921	723
27.9504950495	828
20.6336633663	436
18.4554455446	237
24.2475247525	614
18.5346534653	419
23.6435643564	488
34.7227722772	2117
20.3663366337	332
30.8712871287	1066
27.9108910891	775
20.5148514851	359
28.4752475248	810
33.4158415842	1642
24.3168316832	528
26.4455445545	676
30.4455445545	1100
25.7524752475	674
19.7326732673	287
23.3366336634	522
22.2673267327	444
21.504950495	383
30.4356435644	1015
25.6435643564	618
19.5346534653	236
23.9108910891	502
24.0495049505	561
20.0198019802	300
26.4851485149	666
28.198019802	767
22.9702970297	456
32.1782178218	1390
22.2376237624	421
17.6732673267	227
17.2475247525	479
29.4158415842	898
26.4554455446	653
21.6831683168	406
34.1188118812	1848
26.6732673267	691
29.8118811881	970
22.3762376238	457
32.9108910891	1508
20.1089108911	382
20.1287128713	321
32.2277227723	1330
19.5643564356	394
34.0297029703	1833
28.5247524752	773
34.9405940594	2347
27.7524752475	768
30.9108910891	1043
29.4455445545	1008
31.9801980198	1302
20.9900990099	423
22.5445544554	470
17.5643564356	87
28.3663366337	842
26.396039604	716
26.0099009901	638
18.8316831683	372
30.3168316832	1069
31.8118811881	1268
26.5247524752	667
31.198019802	1110
26.7623762376	676
33.5346534653	1719
21.6138613861	435
23.4257425743	529
25.495049505	622
24.2772277228	539
27.4257425743	730
28.3267326733	860
21.6534653465	431
26.5346534653	643
19.5742574257	293
26.3663366337	715
24.7920792079	571
18.7623762376	409
20.2574257426	424
15.8613861386	277
14.9603960396	5
22.3861386139	394
29.2871287129	901
28.8712871287	887
23.4653465347	559
24.5742574257	567
25.9801980198	669
27.5247524752	718
29.5544554455	984
18.3069306931	198
21.3663366337	442
22.6336633663	473
30.5445544554	1091
21.0099009901	396
19.8811881188	280
20.900990099	385
23.198019802	474
20.9801980198	477
31.5841584158	1204
17.3366336634	349
23.3465346535	529
18.6831683168	360
32.2079207921	1314
30.6831683168	1100
24.3663366337	535
22.4752475248	446
22.702970297	475
21.2574257426	365
24.0396039604	526
17.8217821782	246
32.4257425743	1364
19.4851485149	253
21.3069306931	407
23.7524752475	557
20.2376237624	392
18.6435643564	137
23.9405940594	486
23.8811881188	529
19.7524752475	433
15.7128712871	271
34.0792079208	1836
18.0495049505	76
19.1188118812	437
26.4653465347	692
26.3069306931	636
19.495049505	341
22.4257425743	438
25.5544554455	617
18.4752475248	447
18.2673267327	346
28.7623762376	911
20.3366336634	447
23.6138613861	534
31.4158415842	1190
30.4653465347	989
22.900990099	499
28.3861386139	846
22.0297029703	465
28.7920792079	826
16.0594059406	372
26.0792079208	649
30.1584158416	975
24.0	554
22.9108910891	470
27.4752475248	708
26.6831683168	704
22.7623762376	498
19.0693069307	467
28.8118811881	851
20.7920792079	466
21.1287128713	431
35.2376237624	2485
29.6633663366	934
20.3267326733	333
31.6732673267	1232
23.4554455446	496
27.702970297	758
23.8316831683	546
24.3069306931	567
22.5841584158	463
30.9900990099	1149
19.6930693069	378
31.3267326733	1154
32.1188118812	1310
20.6534653465	388
27.7623762376	788
26.6633663366	682
21.801980198	444
23.7425742574	503
27.0693069307	698
29.0792079208	913
24.7326732673	596
21.900990099	415
27.5148514851	792
23.2772277228	466
23.8712871287	544
21.2673267327	409
33.8811881188	1769
23.495049505	497
25.1089108911	574
32.6633663366	1386
28.9405940594	855
26.2772277228	659
24.1287128713	510
22.6831683168	445
20.7623762376	330
16.2475247525	101
28.6138613861	857
27.4455445545	766
23.2079207921	490
22.7326732673	447
20.6732673267	364
21.3267326733	416
29.5247524752	967
20.4653465347	336
25.2178217822	592
18.7425742574	150
20.5940594059	448
29.6336633663	959
21.6633663366	468
23.8118811881	594
18.9702970297	471
21.6930693069	386
19.1287128713	324
21.4455445545	442
20.4356435644	404
25.1782178218	577
30.3267326733	1054
19.1089108911	420
22.5247524752	457
29.9108910891	961
30.8613861386	1036
21.0297029703	427
31.3465346535	1187
25.5643564356	673
16.0099009901	307
25.4752475248	624
20.0495049505	504
24.4356435644	530
26.1782178218	661
19.3465346535	330
29.8613861386	1017
27.9603960396	736
25.603960396	654
16.6930693069	197
31.1485148515	1140
29.603960396	886
21.3564356436	389
35.6237623762	2561
21.5445544554	387
24.603960396	546
17.9306930693	434
14.6237623762	66
31.5544554455	1261
20.8217821782	393
16.1089108911	367
27.5742574257	741
24.4851485149	569
26.8217821782	696
28.0792079208	796
29.8811881188	1012
29.4356435644	933
25.5148514851	607
19.1881188119	203
25.5346534653	592
20.6138613861	333
24.1782178218	545
21.6336633663	469
26.7326732673	689
21.8316831683	409
20.0396039604	402
27.0198019802	715
25.9207920792	644
31.2376237624	1176
22.3465346535	477
22.1485148515	410
19.5544554455	430
23.1782178218	475
27.198019802	729
29.7722772277	976
21.5742574257	476
26.7920792079	695
17.7326732673	390
26.504950495	704
34.6732673267	2114
22.2277227723	451
17.9801980198	390
25.2475247525	580
28.9603960396	869
23.396039604	525
24.6534653465	577
20.2178217822	343
25.0198019802	600
22.7425742574	469
27.5940594059	781
18.4059405941	193
17.9603960396	159
18.2772277228	453
22.8910891089	492
20.7722772277	366
27.5544554455	744
28.6930693069	801
19.1683168317	409
21.4752475248	452
17.3069306931	37
22.7227722772	445
21.4653465347	460
30.6237623762	1076
23.1188118812	527
33.2871287129	1555
19.3564356436	417
20.4752475248	349
22.2574257426	514
20.9108910891	308
29.9900990099	971
31.2277227723	1165
27.8910891089	776
27.8415841584	763
26.3168316832	695
19.3168316832	460
19.7227722772	308
26.9504950495	737
27.6336633663	759
23.0198019802	457
15.4158415842	209
27.0594059406	673
18.9207920792	488
16.9306930693	95
25.198019802	594
20.5247524752	349
26.5445544554	686
18.9504950495	249
23.7623762376	531
24.9405940594	546
28.9306930693	886
20.4554455446	394
21.8910891089	431
25.9108910891	641
23.504950495	497
17.1881188119	306
24.4653465347	588
20.7128712871	336
31.6237623762	1197
18.2475247525	113
20.5643564356	373
24.7425742574	553
24.4158415842	576
16.3861386139	42
26.6534653465	640
18.1089108911	181
32.5742574257	1423
30.9306930693	1095
28.7326732673	872
26.8316831683	722
19.0396039604	197
16.2079207921	340
23.0495049505	497
29.5148514851	946
15.5643564356	224
23.5544554455	551
19.3366336634	207
23.5742574257	518
23.1485148515	500
25.5742574257	584
21.0594059406	376
15.8514851485	67
24.9702970297	582
17.8811881188	414
30.0693069307	973
24.2673267327	535
20.4851485149	427
26.0297029703	687
17.8613861386	137
19.603960396	415
25.7722772277	679
32.7524752475	1455
20.0099009901	429
26.2079207921	657
19.0891089109	198
20.3465346535	453
23.7821782178	579
27.2574257426	736
21.6435643564	420
16.8514851485	478
22.7722772277	442
19.0495049505	303
23.3069306931	484
22.6435643564	485
17.3267326733	158
18.6732673267	420
26.9207920792	692
33.8415841584	1740
23.2871287129	463
29.3762376238	887
26.2574257426	631
23.4059405941	497
21.0198019802	410
21.9405940594	398
22.3366336634	411
18.0693069307	296
17.2673267327	53
21.7722772277	445
19.9405940594	395
21.9306930693	461
18.3663366337	349
17.1386138614	299
28.4455445545	830
29.3366336634	878
24.3564356436	525
19.5940594059	348
25.0495049505	585
22.8811881188	469
16.4851485149	39
18.297029703	107
25.6633663366	639
15.603960396	34
27.8118811881	730
16.9900990099	284
19.2079207921	420
33.5445544554	1687
16.3069306931	371
25.6930693069	638
19.3267326733	335
19.7920792079	410
17.8316831683	430
16.1584158416	293
18.3861386139	391
22.603960396	508
21.7524752475	420
25.7821782178	659
25.9900990099	614
17.4257425743	171
30.5247524752	1078
22.5544554455	489
18.2871287129	409
16.8811881188	91
19.9504950495	464
21.3465346535	383
28.8514851485	875
21.198019802	385
20.2079207921	399
19.2772277228	331
30.3762376238	1062
19.0792079208	355
29.900990099	983
26.495049505	733
19.4455445545	359
22.7128712871	466
25.099009901	550
16.6534653465	452
20.9702970297	385
14.5742574257	49
24.2376237624	541
30.0297029703	1010
27.6237623762	740
19.297029703	327
27.0396039604	727
28.8910891089	870
19.9603960396	400
26.7128712871	687
20.4257425743	354
27.2673267327	745
18.1188118812	266
21.9207920792	497
27.1287128713	724
22.1881188119	425
26.5643564356	715
16.2772277228	13
19.6435643564	377
15.6633663366	215
14.2772277228	30
21.8415841584	448
17.0891089109	311
17.7920792079	424
29.4059405941	907
24.7128712871	529
31.5940594059	1280
25.6138613861	607
30.7227722772	1030
22.0594059406	456
18.5544554455	220
27.6138613861	773
19.6138613861	398
23.702970297	496
28.3465346535	825
26.9702970297	661
22.504950495	477
14.7227722772	75
20.0297029703	317
28.5841584158	880
25.5247524752	619
22.0792079208	443
22.099009901	473
27.9306930693	766
25.9504950495	648
23.900990099	546
23.4455445545	497
23.6534653465	531
29.1188118812	926
22.5148514851	455
19.3069306931	455
28.4554455446	858
16.198019802	96
30.4851485149	1006
21.7821782178	442
22.0198019802	442
21.1089108911	389
25.0693069307	581
15.7524752475	49
17.8910891089	462
23.1683168317	505
18.6534653465	226
18.702970297	244
20.5445544554	477
17.2376237624	297
19.9108910891	397
18.2178217822	324
23.6831683168	542
19.1386138614	219
26.9603960396	690
27.0792079208	685
18.7722772277	432
18.0891089109	408
23.1584158416	463
24.2871287129	599
28.900990099	851
25.3069306931	624
17.2871287129	329
24.5544554455	552
21.5940594059	396
21.4158415842	427
18.3564356436	194
31.7722772277	1305
24.8712871287	606
26.1188118812	677
25.0396039604	576
18.2376237624	440
19.0198019802	482
19.6831683168	263
28.0099009901	791
25.9702970297	568
19.9207920792	342
24.297029703	553
19.7128712871	406
21.2178217822	413
21.1881188119	435
15.6534653465	44
21.1485148515	369
16.8910891089	250
19.2277227723	350
24.6732673267	570
25.1188118812	645
25.2673267327	590
18.1485148515	88
18.7128712871	402
19.801980198	428
21.099009901	414
21.5643564356	395
19.2178217822	455
23.6930693069	500
23.4356435644	509
19.6237623762	304
19.4257425743	323
21.4851485149	405
23.9900990099	552
20.1782178218	334
26.9900990099	710
21.8712871287	419
17.396039604	504
15.7623762376	265
18.5940594059	144
20.5544554455	420
23.2673267327	505
17.7722772277	240
15.2574257426	14
29.6435643564	916
22.0396039604	445
16.5940594059	155
24.5940594059	554
27.8514851485	768
18.1287128713	445
20.6930693069	391
16.4455445545	153
17.2079207921	23
28.6237623762	777
26.9108910891	700
17.504950495	25
15.9603960396	310
27.2475247525	732
17.4554455446	38
26.6435643564	676
22.396039604	454
20.8118811881	353
25.1881188119	631
26.4356435644	707
19.3861386139	218
22.8118811881	446
20.3564356436	386
16.6435643564	177
24.9207920792	574
18.0198019802	259
15.801980198	54
19.0099009901	437
18.8415841584	162
23.3564356436	497
17.0297029703	117
21.2277227723	473
17.3861386139	362
27.9702970297	781
18.4653465347	333
19.8316831683	267
20.2772277228	309
24.9900990099	586
19.8217821782	298
18.5841584158	395
19.6633663366	438
17.4356435644	353
25.1683168317	586
15.0198019802	123
22.8415841584	489
20.4455445545	438
25.8811881188	638
19.0594059406	435
17.7821782178	417
21.297029703	405
17.9108910891	159
15.9504950495	68
26.0594059406	668
21.0396039604	455
20.7227722772	375
25.4554455446	616
20.8316831683	455
18.5643564356	350
17.6237623762	234
18.1584158416	201
16.801980198	437
21.1782178218	461
22.5346534653	487
21.0495049505	395
21.3366336634	445
15.4554455446	25
23.2475247525	513
20.9207920792	408
16.7920792079	209
25.0594059406	574
23.099009901	519
18.6336633663	402
22.9306930693	504
17.0198019802	51
18.900990099	283
16.8712871287	26
26.9801980198	735
20.1485148515	458
26.0495049505	630
17.603960396	57
14.3762376238	35
17.6336633663	370
22.0495049505	430
20.1386138614	433
16.900990099	446
19.7722772277	295
21.2376237624	445
17.7227722772	231
17.1089108911	20
18.0297029703	441
18.9405940594	150
18.0594059406	145
20.3168316832	364
19.7821782178	247
17.1782178218	127
19.9900990099	375
18.0396039604	428
17.9207920792	284
16.4059405941	403
19.9801980198	292
18.198019802	93
25.8118811881	690
16.9801980198	110
16.3564356436	352
22.4356435644	447
19.2376237624	221
17.801980198	55
15.3465346535	9
17.4752475248	202
21.2475247525	400
26.9306930693	704
20.1188118812	343
15.2079207921	14
16.7326732673	78
18.6930693069	144
14.3267326733	30
17.5148514851	117
21.2871287129	393
18.396039604	105
18.4455445545	113
18.6237623762	444
17.4851485149	350
17.7623762376	123
17.6534653465	47
17.8712871287	256
17.2772277228	139
18.099009901	91
23.3663366337	462
16.7821782178	89
16.0	76
12.7920792079	4
21.5544554455	407
20.7524752475	406
16.3465346535	131
14.8712871287	97
20.9603960396	350
14.7128712871	11
16.4257425743	12
16.9207920792	45
21.0891089109	407
17.3168316832	55
16.1881188119	25
20.8514851485	386
14.6732673267	76
17.3762376238	161
20.1683168317	311
15.1683168317	130
16.7722772277	25
12.7425742574	1
15.0693069307	122
14.9702970297	103
16.3366336634	46
16.0891089109	19
15.3663366337	179
18.3465346535	101
15.9900990099	24
17.9504950495	68
14.0792079208	26
16.8217821782	32
16.0396039604	24
16.6237623762	27
17.2178217822	65
17.6633663366	108
14.8613861386	9
17.4059405941	32
16.9702970297	38
16.1485148515	89
15.5940594059	4
17.1287128713	153
14.9108910891	10
18.7920792079	153
17.3663366337	78
16.6831683168	51
17.1683168317	59
16.5346534653	37
16.8316831683	84
16.5841584158	44
14.7722772277	82
15.4059405941	22
18.0	68
15.1089108911	14
16.4356435644	61
16.099009901	85
17.900990099	69
14.6633663366	4
17.8514851485	71
17.702970297	58
17.0693069307	49
14.0297029703	18
17.2574257426	31
12.4455445545	1
15.0099009901	12
15.1584158416	12
16.5643564356	5
15.7920792079	13
15.8415841584	19
16.5742574257	23
16.2277227723	9
15.5544554455	35
15.702970297	53
13.8316831683	14
16.9108910891	13
16.9603960396	18
14.8217821782	93
16.4158415842	3
14.5643564356	4
15.8910891089	10
13.5346534653	7
15.5445544554	6
14.8118811881	8
17.1584158416	18
14.6534653465	2
16.5247524752	15
12.6930693069	5
16.8118811881	12
13.3366336634	9
13.7326732673	12
12.5445544554	2
16.3267326733	15
17.7128712871	100
17.0099009901	12
14.1782178218	31
17.1188118812	43
13.0891089109	5
14.4257425743	36
12.9900990099	5
17.5544554455	42
15.3069306931	17
13.9306930693	14
15.900990099	69
13.8811881188	17
13.9801980198	18
13.3861386139	7
14.4752475248	44
13.0396039604	4
14.1287128713	26
15.7425742574	7
12.2475247525	4
13.7821782178	9
15.504950495	33
16.1287128713	4
16.6732673267	21
15.396039604	5
16.7128712871	2
16.5148514851	5
17.3564356436	31
15.3564356436	21
15.9801980198	3
14.2277227723	28
16.1386138614	28
17.0594059406	22
12.8415841584	3
14.5247524752	46
16.1782178218	3
13.1386138614	2
13.1881188119	6
12.198019802	4
14.7623762376	8
14.3168316832	2
15.8811881188	4
13.5841584158	6
16.1188118812	1
13.6336633663	5
13.6831683168	8
16.3168316832	1
12.495049505	1
16.4752475248	14
15.8316831683	4
16.2871287129	34
16.3663366337	1
15.0594059406	16
16.7623762376	4
16.3762376238	6
15.9306930693	5
16.8613861386	13
15.6831683168	2
16.6633663366	7
13.2871287129	3
16.7227722772	16
12.396039604	1
16.0792079208	4
16.2178217822	4
15.6435643564	9
16.1683168317	1
16.6138613861	4
14.5544554455	1
15.7326732673	1
15.9207920792	1
15.6930693069	6
12.9405940594	3
12.099009901	5
15.495049505	4
14.4158415842	2
15.0495049505	2
15.4455445545	3
14.9504950495	1
13.4356435644	4
14.6138613861	3
12.8910891089	3
12.5940594059	1
12.6435643564	1
15.3366336634	1
15.0792079208	1
16.0297029703	1
16.4653465347	2
15.6336633663	1
12.297029703	1
15.2871287129	1
15.2475247525	2
15.198019802	3
15.8712871287	1
14.900990099	1
15.099009901	1
14.3663366337	1
14.0693069307	1
13.4851485149	5
15.6237623762	1
14.5148514851	1
14.7524752475	1
15.4356435644	1
15.0	1
16.0198019802	1
