Mean Quality Score
31.214935142
31.3711311322
35.0318030988
35.8765454317
36.1270625159
39.5844149452
39.6643930705
39.643412487
39.9804883461
40.0721423596
40.1282872138
40.1502348794
40.0979518277
40.0895706334
40.1038757728
40.0910750695
40.0160442944
40.0410059203
40.0473061679
40.0437540795
40.0185169187
40.0822120486
40.0092126659
40.0601545451
40.0182641699
39.9976305768
39.9451216551
39.9644304464
39.9079616092
39.9590392095
39.867755083
39.9173575595
39.9046361651
39.9462690351
39.9638332513
39.9550087234
39.9457846644
39.9240265881
39.9355722858
39.9242272385
39.9108314418
39.8908579821
39.8793022186
39.8846309597
39.8072166031
39.8470764707
39.8560752127
39.8539653963
39.8509193585
39.8459654821
39.8469248214
39.8398433201
39.7647930773
39.7932251598
39.8045347005
39.7995198768
39.7514738241
39.7689178049
39.7597484989
39.7513231704
39.7325464236
39.7291527318
39.6826243886
39.6994003825
39.6897055582
39.6816763318
39.6711150823
39.6612892932
39.6480006796
39.5607801122
39.5793336436
39.5759616317
39.5699607006
39.551357615
39.5249406649
39.4911300659
38.8088499023
39.1880432233
39.2951196696
39.3415460284
39.4281496012
39.4379336896
39.4160064872
39.3996549122
39.3856390236
39.3754185703
39.3379064458
39.1980030744
39.2400373559
39.2439587784
39.2321779192
39.1901614462
39.1540115105
39.0994475254
39.0761023857
39.0809873507
39.0661169832
38.8448511752
38.8972471619
38.9782480073
37.8332889963
