10299319 101
  22359 95
  17331 96
  10685 94
   6971 93
   5289 92
   4714 91
   4104 90
   3831 89
   3507 88
   3110 87
   2902 86
   2732 85
   2527 84
   2375 83
   2069 82
   1930 81
   1764 80
   1668 79
   1447 78
   1331 77
   1295 76
   1165 75
   1152 74
   1058 73
    925 72
    849 71
    764 70
    704 69
    643 68
    634 67
    537 65
    529 66
    514 64
    480 63
    448 61
    414 62
    363 60
    358 59
    290 58
    290 57
    279 56
    261 54
    244 55
    232 53
    210 52
    209 51
    176 49
    165 48
    159 50
    135 47
    108 45
    104 43
     96 46
     94 44
     92 40
     76 38
     75 41
     70 39
     65 42
     57 36
     57 35
     49 37
     47 34
     42 33
     35 31
     25 32
