10309828 101
  17299 95
  14963 96
   9898 94
   6511 93
   5068 92
   4542 91
   3990 90
   3776 89
   3451 88
   3056 87
   2866 86
   2680 85
   2485 84
   2350 83
   2023 82
   1893 81
   1726 80
   1640 79
   1413 78
   1304 77
   1267 76
   1138 75
   1126 74
   1014 73
    896 72
    826 71
    746 70
    687 69
    618 67
    611 68
    521 65
    519 66
    484 64
    464 63
    423 61
    400 62
    347 60
    345 59
    272 58
    264 57
    259 56
    240 54
    224 55
    208 53
    201 52
    191 51
    158 49
    148 50
    148 48
    113 47
    101 45
     90 43
     84 46
     79 44
     79 40
     64 41
     60 42
     60 39
     59 38
     48 35
     45 36
     38 33
     36 34
     31 37
     28 31
     17 32
