8374844 101
  28741 95
  26089 96
  22184 94
  19156 93
  18173 92
  18052 91
  17375 90
  17132 89
  17116 88
  16487 86
  16395 87
  16095 85
  15818 84
  15357 83
  15008 82
  14703 81
  14219 80
  13840 79
  13551 78
  13349 77
  13016 76
  12715 75
  12209 74
  11936 73
  11392 72
  10788 71
  10685 70
  10047 69
   9509 68
   9336 67
   8671 66
   8535 65
   8194 64
   7727 63
   7459 62
   7032 61
   6437 60
   6051 59
   5489 58
   5064 57
   4651 56
   4370 55
   3977 54
   3725 53
   3590 52
   3196 51
   2997 50
   2725 49
   2376 48
   2086 47
   1914 46
   1687 45
   1504 44
   1469 43
   1372 42
   1272 41
   1159 40
   1042 39
    945 38
    798 37
    698 36
    623 35
    621 34
    552 33
    494 32
    403 31
