8364492 101
  32376 95
  28545 96
  23538 94
  19909 93
  18431 92
  18190 91
  17530 90
  17239 89
  17180 88
  16543 86
  16506 87
  16179 85
  15888 84
  15410 83
  15063 82
  14743 81
  14271 80
  13940 79
  13631 78
  13417 77
  13076 76
  12798 75
  12201 74
  11960 73
  11350 72
  10787 71
  10698 70
  10046 69
   9550 68
   9363 67
   8679 66
   8535 65
   8207 64
   7753 63
   7412 62
   7055 61
   6508 60
   6059 59
   5510 58
   5052 57
   4662 56
   4372 55
   3984 54
   3739 53
   3603 52
   3175 51
   3023 50
   2747 49
   2399 48
   2099 47
   1929 46
   1719 45
   1536 44
   1486 43
   1379 42
   1283 41
   1168 40
   1063 39
    974 38
    806 37
    711 36
    639 35
    633 34
    559 33
    494 32
    420 31
